-0.2142933401664629
0.20146789019683187
-0.3103011652972187
-0.2908008255656331
-0.2667663572348008
0.14188754401094772
-0.19413381309073713
-0.03447460126779948
-0.08090019251071412
-0.12267714335632003
0.1421146695872696
-0.09374998759238906
0.047823429797640295
-0.2805206128696693
-0.044511483594551676
0.1304416351391919
-0.1001924135471987
-0.09756402072144447
-0.0033030896695425294
-0.24447146218855184
-0.17779073027937353
-0.1613159493456617
0.1902123539813332
-0.039266097421195766
0.19335566327923956
-0.018362085645502617
0.17194292742741304
-0.07976361053741235
0.0902702720834537
0.033699354772168594
0.1612007502146944
0.1692291182691625
-0.23150333732914538
-0.024580277943669192
-0.19594031497010272
-0.17225241970303515
0.02670303141533782
-0.08960839669372002
0.12507171420084753
-0.04831028423700895
0.12499651748870948
0.16032965288121553
-0.19021376714530897
-0.17257142158282526
0.011101405206670863
0.05514266390213532
0.0015422317408150714
0.19583443280388907
0.06884731762864803
0.055179780209450684
-0.04275053370150672
0.0601551359132584
0.07672546566170901
-0.011238168795990836
0.23015998395397697
0.06774977128483302
0.1539437904260679
0.25195635230080454
0.20760989876724517
-0.19645523807216278
0.0007596852177354689
0.057837085766091964
0.0751515259308175
-0.04367747122229869
-0.13001610448133857
0.18328874761984285
-0.05605297341331518
-0.24295569612176418
0.07900997218701855
-0.2885160464045675
0.002373818881897217
-0.03609445116906965
0.0008746324741080642
-0.05436003703009196
0.14554458330186154
-0.15333891389818197
0.08266214621982207
0.08936218109597834
0.08088788814817338
0.13417193784997278
-0.2623931768488645
-0.054450011932887066
-0.06756950741982383
0.013213875683666873
-0.100759835327418
-0.058494362449898356
-0.03807260202791073
-0.2231081684181713
-0.18445593777957434
0.09301917413378245
-0.08075742110627677
-0.017056381226289788
0.059017408418313634
0.22467557661817886
-0.18341173747696718
0.0017767274370300281
-0.3700428818266945
0.04475629088053951
-0.0732030207472877
-0.12681482605234665
0.1400725857399438
-0.07341282534849271
-0.05586804746174975
0.005301380323553723
-0.056157748838187645
0.11401556844608778
-0.08614181732815498
-0.11741767495430512
0.07475509427924448
0.05768520652756406
-0.019518252438680134
0.05394332590133963
-0.13453576427097869
0.1413007883946726
0.27817383140848967
-0.058573660263885344
0.0032720490265075305
-0.26478353823984274
-0.13539722650069896
-0.04391360968355424
-0.21491900866915942
-0.08289733102614523
0.011205683101214246
-0.1214111197945604
-0.016283795383893716
-0.12988302818456496
0.1136381259493365
-0.07162921816355197
-0.2635860526624106
0.026283302865860017
-0.058797056309690475
0.2755112946935839
0.03297259984977388
-0.17273812493789692
0.08780864602126599
-0.3965755501937502
-0.005957950221050528
0.22463976269918923
0.08256978064855197
0.0397548995971653
0.30902866047739963
-0.1010883652842711
-0.10321793368304163
-0.1054168741962451
-0.11278071845726328
0.2568700491435598
-0.06724833884645288
0.20106878829830968
-0.08676017709428703
-0.10569684067912435
0.006803706654216827
0.10126341845297168
0.1277612317851934
0.09197485002217994
-0.3270357751223271
-0.03133035343585687
-0.8601385253343692
-0.004325101151017724
0.03978137258320476
-0.13617290618933323
-0.10291674671410347
0.09946762055322529
-0.138720962633688
0.5346898675974022
-0.22249237046461842
0.055921514782916376
0.40990007419354363
-0.13259732835014398
0.356388613823733
0.17892481599584764
-0.13451470768908436
0.1738929983896537
0.04320228314142707
-0.1252856018987955
-0.1087720578631611
-0.23732241425243072
-0.020511251946435383
0.25086091219440837
-0.1485086988764374
-0.17122379263271365
0.01815533318239531
-0.0183663099922374
-0.1330196177986846
0.03129483970084107
0.1565283890920736
0.2601250254319308
-0.1761004187124221
0.19199246523982771
-0.09229647763118899
0.05419932569711594
0.12504546803518318
0.3709898375752907
0.04477627145122415
0.03565561590759462
0.456614357274031
0.2603733560580981
-0.04648348866134626
-0.24246452585498568
-0.42759990889699057
0.40660188890624804
0.19249550069864715
0.3571832970639338
0.02857973278663081
0.04842780820264138
-0.09256795350001808
-0.0582329739565636
0.2819643346201899
0.4511485349835918
0.11928224733260384
-0.07930328700322643
-0.2402716924612284
-0.5783282950798821
-0.004290662316144167
0.1765937807418414
-0.08170328585624571
-0.24788443692920836
-0.2394635168185128
0.12373041831700726
0.3166317886872888
-0.07879787944327782
-0.08464116045439177
0.38568624852136635
-0.22286169712248738
-0.16952277199893862
-0.28972635719248907
-0.23121266707333457
-0.002332870966935548
0.068928560785319
-0.28895793924407626
-0.0474020396367916
-0.024456712259470575
-0.029143679846529415
0.12960994793382083
0.19877856566719002
0.34815595428866475
-0.12429646870707821
-0.20531888585019534
-0.23410506547535528
-0.006159376355932385
0.1883389654730257
0.24585914763534875
-0.2839880977423099
-0.03691371702477633
-0.14759039190825085
0.014019053800535471
0.05261367226496396
0.07407205349752903
0.03216377359169334
0.1901902248587061
-0.0798103583560234
0.006578463809006785
-0.42128327024895196
0.2523156761988722
0.5284615182996766
0.2156243347753877
-0.07891980069543665
