0.00010342169796753763
0.0025487068599295746
-0.003550701573426594
0.00040168898346515413
-0.00039585594779467545
0.0005153409539455875
-0.0017252493476110826
0.00019548496218763108
-0.002634420605785726
-0.0007019261003261235
0.0021169283669550923
-0.0020546964654711295
-0.0005973394631865768
-0.0026362522464199903
-0.0013597072495379044
-3.6258111253778865e-06
-0.0014984749461029528
0.0003089484575519479
-0.00080568270322987
-0.003113720528447575
-0.0012300913720953578
-0.0013321410566930713
0.001632144821964471
0.0005148888263494337
0.0019039140586080572
0.0011766354798808639
0.0011385775355700776
-0.0012216839665762555
0.0017445979582830578
-0.0006136124427404719
0.002132305189038152
0.0029253024179192555
-0.0023444491764688124
0.0007721726122220307
-0.0016052796669320578
-0.00024285701731854219
0.00041285783649973274
-0.000815039543951862
0.002207443700210074
-0.0004983524421256901
0.00041471256444781913
0.002345041934263076
-0.0005159717801823719
-0.0029026597231014226
-0.00025806674348582666
0.0016809478274275908
0.0012220083759423035
0.0004351047671497739
-0.0004802296607298402
0.0011491427071834736
-0.0011587130770794154
0.00025758926652034043
0.0010577521355720387
-0.0006948432584293917
0.0011462770938457671
-0.00017647672600755974
0.0007396390215084815
0.0012785233818394673
0.0017201426910753831
-0.0017962318403968584
0.00112528298706284
0.00013401922014767245
0.0010581106481839832
0.0004364325950494271
-6.942797331193156e-05
0.0006404097992310676
-4.598988718058182e-05
-0.0006109882151780793
6.745059791528468e-05
-0.0030447247550128382
0.0014234011641266252
-0.001860039855120143
0.00029319972689100047
-2.1703681062596157e-05
-0.0003186488860043976
-0.000473199091528878
0.0016960392816044642
0.0010615182715682215
-2.752367970308727e-06
-0.0006565448761984599
-0.002708230205320858
0.0004203353165714472
0.0009802372754732572
0.00018361386435472758
0.00023832531094499377
-0.00023230028602405823
-0.0002576017212797828
-0.0029114007947956887
-0.0009306790726894266
0.0020808196423935375
-0.0004491008827261922
-0.0011621839311201179
0.0002163825538561162
0.001897575840532191
-0.002890969875268551
-0.00014394659526824593
-0.002203646025997379
-0.00010263082190377509
-0.0007022374918704123
-0.0012565186759291363
0.0017581930935577407
0.0001757723906090122
-0.0006298724407375509
-0.0012667543599835238
-0.0008430823103521235
0.0011116502428251379
-0.00021578477434681747
-0.0010471388632698018
0.00028146686341085444
-0.0002064665656303596
-0.0007282067852911208
0.0005636066008962917
-0.0002753199426236475
-3.656677264365769e-05
0.003376028331947029
-0.00010258249312672399
0.0018705245151479323
-0.0034423969468719384
0.0001468695186580382
0.0002202640050716113
-0.0023480214639329516
-0.0010926624951410095
0.0006796532527133272
-0.0012106526178402256
-0.0007757218106798482
-0.0020663046258538927
0.0019799425029763565
-0.00031945627143368767
-0.0028028152214889836
-0.0014679761108831884
-0.00018991451215687953
0.0018234074952813446
-0.0007543072259733546
-0.000575246232831082
0.0011724784416773937
-0.003250908069451533
0.0015150615247499601
0.0016391322100400762
0.0014050169581545104
0.0005102841831589031
0.001402300683693499
3.6607243106430905e-05
-0.001069707741525858
-0.000524391844620039
6.0975751024416666e-05
0.0029860452741127096
-0.0013095188309025002
0.0011853630777407913
-0.0013046882116015716
-0.001545091546041941
-8.246790693681996e-05
0.00020893815606875274
0.001435428870347092
0.0019981352060507705
-0.002602647626394069
0.0005137875980324898
-0.006991824169181648
0.0019362207805044686
0.00043900262130260384
-0.0012919842464105902
-0.0010664479799056474
0.0002044755912464294
-0.0018692534532717673
0.005468624320378934
-0.0020434462764070674
-9.004626354514535e-05
0.0034005644767454548
-0.0016098263045712753
0.0029422176131962464
0.001532096959814019
-0.0026199960351572247
-0.0006097110417010311
-7.133095862516712e-05
0.0013417010187707513
-0.0017530882047466494
0.0005350036668774178
-0.0009956371401537666
0.0006900401903438188
-0.0009893778662664913
-0.002418475020024459
-0.0009978176394458782
-0.0006211221650818234
6.250383442843804e-05
0.0009453106384340675
0.0009260861419158107
0.0006861228768394316
-0.0018058297260761655
-0.0004777127447677488
-0.0012648451071739111
0.0002935423809883683
0.0005548385255937207
0.0043573999256524346
0.0013861073050037897
0.0016199047137232016
0.0042344981167550975
0.0024222145659403616
-0.0006529690782425708
-0.0032394371183712667
-0.004279743002538276
0.002768668635815976
-0.00023293859161599577
0.002373573859777242
-0.0007685220306927761
0.00017237382719272512
0.0017311692308288832
-0.0021534014185244053
0.003545697803562793
0.004575839703597784
-0.00030436276434604666
-0.00204721204155939
-0.0020446455836642197
-0.005043289378591454
0.0017303631826587466
0.00308897440741381
0.0007718867031993156
-0.00024129143174912712
-0.003134514366638106
0.0016389958763889094
0.0025148728603604
-0.0005301854794244886
-0.002068927228783581
0.0034942093013390486
-0.0014161838147972454
-0.0021762892377203257
-0.001246415044202946
-0.001144583067047552
0.0019820781919343755
0.0002441653406662277
-0.0023817814366918688
0.0005011912731712138
0.000831157257294738
-0.0002026352579908559
0.002473911291189111
-0.00021642805267414126
0.003318022651001621
-0.0011774270543997766
-0.0036993687823240764
-0.0010293786249300071
-0.0016334236182321037
0.003319194898676446
0.003348958217488394
-0.0027953127610977568
-0.00045112740268354136
0.0008946887634414656
0.0021684019050925234
0.0010278421430764098
0.0009181793801251692
-0.00023694596810694543
0.001173360215928031
-6.750935167415633e-05
-0.0015520386258256246
-0.0046924101351179795
0.0014702889755069458
0.00011693254375157516
0.0011221907511911762
0.0008049913880124795
