-0.02874055425634784
0.014899739080220896
-0.023716769148867674
-0.014821174815351362
-0.016515601518942605
0.028027880905375644
-0.01558681214446015
-0.001715868049044964
-0.024035152994989914
-0.011148377438172857
0.01889398584548601
-0.015577272597418933
0.001790942980622455
-0.02071560407321467
-0.008784296446127778
0.0030224762668786495
-0.019550261966066972
0.004419321540814503
0.0007396667331739103
-0.016568393730811537
-0.011319338832437287
-0.012868772424408412
0.018639098110047596
0.009735561193481557
0.020807816470614447
0.0031725126523893038
0.007945396470270222
0.00225740274257333
0.026796315485265263
-0.0012189533331653218
0.013211819953096627
0.022361058367160066
-0.026822752623842552
0.00472315525344762
-0.025227824912997913
-0.022863747994941015
-0.004097068370898923
-0.005871688317814941
0.020523509490589783
-0.006740403345974026
0.01691701545647142
0.004383714293735951
-0.028004563866110815
-0.01932747236090652
-0.00995253966841335
0.014905077387659803
0.008459493061557832
0.02607252688181734
0.0011826956463085437
0.01596504284121017
0.0003894668391308526
0.015826923063170906
0.006944946811975348
-0.001825443460479988
0.02186374605635919
-0.011255021061590648
0.0056162958021970175
0.021163118438833443
0.010398816088872683
-0.019160853566764217
0.0015732392141417078
0.01170984091300554
0.007831360479401459
0.006013228233685458
0.009114736980079812
0.009486484957092001
-0.002525529841874005
-0.008072978723288023
0.002319090824161083
-0.02108211061994578
0.016895341265918906
-0.01719720504847852
-4.865363202305475e-05
-0.008460952831669056
0.008639284403247367
-0.02258214231957004
0.005258813946384847
0.0014457791588659294
-0.00376844373041583
0.002410275551632435
-0.025325715551144466
-0.0008552783221831178
-0.008604423376979416
0.0035104410898817214
-0.006632388726351204
-0.014314306777872193
-0.006971834866615291
-0.01218768437500814
-0.013329256519019934
0.02359995600741502
-0.007727415811413204
-0.005462359404956247
0.0026584397128659462
0.013037286727450045
-0.009542790447267755
0.0005805077028512285
-0.0236041716840528
0.0024107999444842603
-0.007538621265765504
-0.005497613371908631
0.00879463701593723
-0.0023315048635707846
-0.011490069939875568
-0.024776963361620136
-0.01415062098139362
0.0060354825069559685
0.0015100482753210328
-0.0028048615250738235
0.00022054423182143556
-0.0030998885154694816
0.01227788810305983
0.015747405052367356
-0.005390621109452055
-0.01308089179963527
0.01602883179884584
-0.008408153107632673
0.008189444630776806
-0.028679584715981865
-0.020997517384409796
-0.010263861851759884
-0.017537621040667622
-0.007222086036608656
0.006245128692155025
0.0015196062965485008
-0.01705541309914598
-0.009096907721766145
0.010538551768531648
-0.00011483342868249939
-0.029382914652542703
0.0045091591639619625
-0.0066424886029599626
0.01664660433071416
0.019757924303737538
-0.013931327415365919
0.014001693906851598
-0.03641474704745336
0.012002747409154354
0.02439622068567756
0.008456565482163203
0.0015186590913647338
0.031032301303231286
0.004350535290523389
-0.010309383798515597
0.005976736932917457
-0.007578760210309728
0.02086004210030542
-0.007335644396260379
0.004708401771736503
-0.005640487305008882
-0.015948880294589067
0.0038295100883908653
0.0023485388205848126
0.013513306660995258
0.0065578510414279504
-0.01922736913133309
0.002534036082407173
-0.07829599770559975
0.008350259876725176
-0.0005126378703087947
-0.031067159487373996
-0.011120989194805022
-0.0030033304333569504
-0.006472665374201881
0.04069758235894508
-0.01862328019508803
0.004806645735857716
0.029423991997943696
-0.01159951942578528
0.03548604182478525
0.006286499650831018
-0.018110365954109114
0.016101383003482413
0.02564044521694537
-0.007548784109978635
-0.017870055458992576
-0.011944486297609127
-0.004742476036507369
0.024273889369686764
-0.005498361737449696
-0.030589256326282253
0.0017547010607549397
-0.0022684501082237286
-0.006075296269959182
-0.0005486777487625808
0.014863589886300814
0.039503970944211424
-0.01352301221862711
0.007148192202059426
-0.012473639105045564
-0.002488000297006283
0.005639251377554614
0.054151268957201626
0.017806134282057212
-0.0018479241838442527
0.03663904372879347
0.028638370723726096
-0.0030260508767409483
-0.02558927449511389
-0.04471700804045009
0.024763408329384996
0.00023671903632549235
0.034691905496619366
0.0003380828037750248
0.018745702503999925
0.007922521466295919
-0.015901930132008916
0.04025232671378319
0.039620622775842836
0.004307302041175954
-0.009032266220525952
-0.014544662283062372
-0.061311658102685726
0.00859697762666072
0.021364504781229473
0.0026262246998478085
-0.009479272699963846
-0.003954142472126909
0.023190255268256483
0.04541251400644838
0.006020097629984811
-0.03354266997495667
0.02183028406785658
-0.025429854300029853
-0.028099861564781538
0.011792846133726638
0.013992991322105602
-0.009352785686000764
0.0008917621808160723
-0.024239428927483753
0.0017095034054717406
0.0054884658854309305
0.0079956275702382
0.010263957358644488
0.006518370542012931
0.031667714299659706
-0.012060667115906852
-0.005758685039280745
-0.01614927473444802
-0.0030867406093261765
0.024830534459675844
0.034119548492829194
-0.013538747833543136
-0.015745063605069207
0.0037706604084779024
0.019049850494714474
0.011280024688352918
0.0074036278564391204
0.0065971807956786924
0.021416013372419204
-0.015032002075626001
0.0003827056579487117
-0.04812572962045468
0.04503737327088168
0.006343275343247138
0.025995312179274033
0.00024746132160105664
