1.1987671389203367
-0.6662205779288559
3.0634864183326846
-1.1041583421523573
-1.366293814819515
-0.6521562193914098
-0.7650251875065137
-0.002818813860419961
2.1865537904840227
-0.8188834914596097
-1.4044829683403017
0.07928311838529996
-0.43321102542689793
-1.7123524283932994
0.02663072195827677
-0.5017419835559911
-1.2644309471219584
0.4305321996302832
0.4032948093023392
0.43581563655359906
1.1470086413457228
0.1288137775098527
-1.1752868363816267
0.002305303856548203
0.9842994238479398
0.5553872028246013
1.0299757469388824
-0.7000774959750988
-1.7049597545700086
-1.3954591299978696
1.4837433275241392
0.12584827854675557
0.42383280089397474
-1.0344928183503626
-0.4044696143336264
-0.11668982206484466
-0.2204421665411862
-0.41297297047744497
1.0399379939126203
1.2540498610953643
-0.5146133443742982
-0.49885097453175126
1.5585205451579731
-0.4267068547945192
-0.6870145130463509
1.2485284625604685
-0.7669443183385238
-0.11067762022150257
0.6558181418022703
-0.594151751199849
-0.337362574168378
0.1401980682081378
0.11721157966806779
1.3755911680559891
-0.07181349545875898
0.8955117111340711
1.1414279406151946
-2.5106257840690906
-1.7780062121281441
0.29727646365091676
-1.0571473603740966
-0.07000741836359797
1.1956130985485236
-0.6048977807682346
-1.1703570809755084
0.32383505787660627
0.2852742763375969
-0.8996783597944473
1.5201140927447339
0.04830795061273676
-1.4983746081229432
1.6475674864286822
0.06407354321141051
-2.620538886165897
0.018777495524208015
0.42865204730876755
-0.256463917532385
0.8447440272913219
-1.042670328266827
1.8420778138596723
0.6611340390452262
0.5572306376752654
1.7935948838420923
0.5522009731134607
0.07309383826145381
-0.25599708942281324
0.8526724845976758
-1.5364581745815211
-2.7433419399261822
-0.8359797622910716
-0.9507990071741309
-0.35826745819901096
0.7925108439665322
1.0836258806620322
0.7056819367746683
4.23910954235556
0.30773480925657837
0.4295250500848694
-0.07836773160472764
-0.28171573035647335
0.9098799291086068
0.7796679300367177
-0.9772437504664924
0.5787319192638791
1.0515943056909465
1.2507025686933648
0.703747120292285
-0.6767216931850222
0.10112900630995063
0.8316313706586911
1.549678761146585
0.11601646803341464
0.21298621049973743
-0.007500212634047882
1.3739526559485087
1.4051102499991304
-0.05108923990124854
-0.6544123984541247
-1.0100793286848218
-1.2344651379846892
-0.36088168049670083
-1.0162148066825043
-0.016649034154822766
0.7549779902858962
0.6401553349554187
0.24041446228305663
-0.6579366771156105
0.8614416254511468
-0.8769813423618007
0.3621085532203286
1.3420946216021516
0.32696885011207055
-0.003725798126378562
0.3712111973984293
-1.0967748474698844
-0.015076870121756927
-0.1341917340899901
-1.9116277841017362
0.27729237609991086
-0.8033017119317746
-0.2791371910992697
0.9659646871644073
1.3920451746050646
1.2069601020233343
-1.1316609812490586
0.7240534874260017
-2.1106237899527134
-1.0094213492964856
1.2619255176448843
-1.041544549973266
-0.1388006112341027
1.0927864001755472
1.0188450954084947
-0.32450668907061003
-0.37399401692352713
-0.0022299243611941183
0.446062603888071
0.05503645003429205
0.27606839037842457
2.0284467564252378
1.4849680931200577
-0.10640582313122127
-0.46813575490431786
-0.06506521679729908
-1.007092330493929
0.9555429538661913
-0.7262509187071944
0.5861743127462061
0.40283395464207866
-0.1400871126895775
0.10526545291224408
0.5464977713497109
1.3847218909718393
0.6607924853224098
-2.081249467724322
0.2101299576852497
-1.7000615663187975
-0.7946701014857542
0.29936431351962395
-1.3018332155441
0.6785685821213576
0.47067594790928957
0.20141540690552776
-0.09116753006126505
0.05781947687734994
0.8980188403348164
-0.6964533495642217
0.2602980688273969
0.4559134102838826
-1.1171380521499656
-1.688839609009529
-0.37745681443118223
-0.5424626658674844
0.0699725234037089
-0.6317211394214429
-1.318969925302631
0.3138075625808031
-1.7017679933380248
-0.011708710898092816
0.6733809174347031
0.6484540379172409
0.4108055479521122
-0.47523985094692406
-1.6279303957403826
0.45763690157821624
0.34500529544522957
0.7489692598136584
-0.582275447204058
-0.9333509194625871
0.5855284390903323
-1.7534333908619049
-1.069828298297445
-0.5873580664450095
0.4275601053298876
0.8696847122036526
0.5776329888832288
0.4658812115457759
0.056498677393228114
0.2925608431704384
-1.2258777884923104
-0.32217240439754485
-0.6784367642213613
0.20905711314993417
1.307984883806617
0.1966534779398099
0.05008079463770448
0.3963442857954565
-0.8400979199685061
-0.4519536226209562
0.7598120395018527
-1.1048195772090048
0.197422864189196
1.5857355476640778
1.2231193269950917
-0.40885107392900416
-0.9601157202453762
0.5023541417696369
-0.22799041503650885
0.07384320805892144
0.43843695949580785
-0.0851477136490088
0.10791575259513465
-1.145464341963459
-0.4977611841336449
0.5438261693058557
-2.23983177384815
-0.491785301246033
-0.060664702244198745
-0.4022552888478718
1.5687818308387467
1.0871529228342107
1.3992667004995485
-0.4653698319273251
-0.7000344422932379
-0.4930971984719485
0.24900504869401696
0.595951348575105
-0.221021319766757
-1.0002741834147044
0.14108928928898237
-1.2599830048411536
0.655273088426789
0.47359838095692824
-0.5478204099045366
0.1382336323996338
0.5395169423353806
-0.7469272450854031
0.29805287227031774
0.5387804497882054
-1.190957268147524
-1.5085104947253407
0.7336633289689591
1.04428433527766
-0.5541683885016989
0.3767371154860349
-1.7993897638872927
1.1429929380058135
2.000482942884695
-0.4578256586246829
-0.46620077283314765
1.3941585460453463
0.39559359917637915
-0.9534068005787327
-0.46249848440617064
-0.5350573941710987
1.7426283651356833
0.331544020787472
0.4131254019176794
0.9351617390595156
0.8242353225135006
0.2327992861837484
0.60553300090749
-0.025150332773342287
0.3848775406486527
0.027269713167666097
0.1244873125213618
-0.11372073367026268
1.5464880322765973
0.9695726647956041
0.3395070891040571
0.548528260912514
0.013981461487071214
-1.2528709615029305
0.37633307806322236
0.28440780588390757
0.8948796351148987
-1.3328149289121756
-0.3974178823430586
0.5790762773168299
-0.4973069613364699
0.852792995238714
-0.4993282813734303
0.4273375281868914
1.331352205864006
-0.32510678835173223
-0.9648296677742848
0.288033279434564
-0.7759215795275002
0.7205208233205908
0.43253104094462813
0.5898237924808838
1.3404966251761243
-1.4840730725375884
-1.0150585620621717
0.4965849369261142
-0.7822984836320761
-0.7853354498412105
-0.6016996070028366
0.9609996597582582
0.6453593174534779
-0.30908752056123673
-0.979408656801461
0.06055121914894123
1.1610212894497627
0.015406348001788913
0.8554764965076315
-0.35562728542099986
-0.37950685255059174
0.9968918232117115
0.20578213518680266
0.19735467691513112
0.4227279645473877
0.924530717670254
-0.6393789156723256
-0.5440549087562089
-0.9176156201915755
-1.440902788392981
0.5413881359040116
-0.7952093670024816
-1.140515217421671
-1.0158022150088435
1.1998782916465816
0.139834181900278
-0.24302079875313382
0.17198706127215208
-0.2142888802195674
0.26545500945642625
0.7360375711000305
0.4035429570587889
1.0527081493690524
-0.15359103415089237
-1.3021214641635015
-0.8935411328487213
1.621941934478755
-0.9337361142269176
-0.5737897435016214
-1.5062700391154642
0.009130389546233587
0.6906963464770532
-0.7408020900322104
-0.4748937882887749
-0.14731747215078653
-0.36462637253633323
-0.3571897556779835
-1.3782673864185522
-0.14856128896151774
0.8612162799812383
0.8372636872538217
-0.26875342889219694
-0.4199839646138503
-0.3768500515229726
0.13143801246002265
-0.8724644494405481
0.060748076735568965
-1.2903494055699938
-1.4935446651783473
-0.3481601915931025
0.1846407613163043
-1.11710823535344
1.036455822830406
-0.34950022409090997
-0.19638481869875005
0.7784350124599547
-1.3883907867898082
-1.5517626873337194
0.8303869647867798
-0.16442274553913983
-0.17259161050469954
0.4146745066265384
0.07486690581432892
-0.3491410212830132
0.6084592871484135
-0.16736254079977497
-1.066423118906923
1.730640882016179
0.6464084630180932
0.442820850637005
1.0046599929705913
-0.6236985750348873
0.7458065083433841
-1.2404974039484138
-0.24557253037082305
1.1745580993380837
0.7775627933193168
0.05436998302130642
-0.6027230129801642
0.17699491329029407
0.4818364094446608
-0.8947348049128379
0.5253286342028847
0.6802502466131475
-0.11565432542102365
1.0957859065316962
0.25466912703303896
0.2105089246292217
-0.3027472190103354
-0.8291199848747852
-0.8910553701876605
-0.45007322095430063
-0.9375212960778854
-0.9855294950989915
-0.41275439858175816
-2.0052138296896644
0.20878536757858848
0.08011298971582663
0.6124843390429601
2.1475142704036014
2.2182907525501774
-0.925714160894729
-0.327489607922839
-2.3020789446238408
0.2612485740408598
0.06264164148436908
-0.04279265814912483
1.303875019020998
1.1883737905457472
-0.5051616269815331
0.9252690400269585
-0.6872771807567974
-0.6383981862909928
0.5470585695982809
0.919813585683167
0.7646602264500834
0.8029804812218497
-0.44993556053732686
-0.23796912252807886
-0.9638550319886658
-0.4135477801479881
0.8434198144062841
-0.6939853397238246
-0.2913425072536784
1.5841308628506028
0.3888926600157498
0.8078733669287692
0.45358808350242247
1.0223794557948174
-0.5300038931346044
-0.17456136110646317
1.7631866591380805
-0.3598629379596694
-0.2183457838360453
0.9567894189132778
0.5639739636100255
0.5988726768660176
-1.7925694225133646
-0.5501426081909221
-1.1453945804221164
0.45743763789018926
0.536969026652263
0.6238497392874317
0.20879239195522725
-0.523939441029263
-0.9082546062515824
2.0535274552387612
0.17459779825190158
0.4905883449945498
0.5483905772150888
0.12014678046916792
-0.05411942762489957
-1.2720468797474869
-0.9867930586234144
1.0092793384526086
-0.4660566303148396
0.2550351178171388
-0.6471261584145883
1.2483233422518296
-0.32683722509812213
-0.22480122689994675
-0.7230775196659015
-0.9922510610805589
0.7838025134416404
-0.2717708720873338
0.19573907219150014
1.400891672958068
-1.2597004994565884
-0.37421182395808117
-0.5925211024842609
-0.8036156717785626
0.15872353466304442
-0.3292531465798962
-0.7767775819090588
0.10249224127913367
-0.9133172901451747
0.5392725456849705
0.17256811453368007
1.180867065828575
-1.6551002070615077
-0.18589609379982464
0.8151697651695713
-0.681959544647259
0.6645043866085282
-0.6422930984032701
0.6020568008116916
0.9699204256078976
-0.6707362471256652
0.7587275337136187
1.0953681978325096
-0.45688847749071665
0.11985571331991893
1.1440813615821
-0.15959814234392125
-1.5570151301110373
0.141273097833625
-0.5284007423246759
0.0972082369886198
0.5609511852875763
-1.293222035726071
-0.2880242712462561
1.0297319059550785
-0.8674427443598995
0.9844308302995124
0.7620476527415421
-0.8658601012369483
0.15564387515312997
1.1270817826165511
0.7070166313055025
-0.049696130338342394
0.7210216738237588
0.06561873429259242
-1.1626483111510943
-0.18745274613246643
-1.3123173326762179
-2.0708791985592
-0.24595653475758783
0.062158909731221255
0.40482588482246845
0.01903481072457309
1.2372237147764762
0.5522333617122652
0.05428747490235139
-1.9414284933553023
1.0045833563276132
0.32711561589452065
0.040161876830026234
0.09474430604281821
-0.32585912134540823
0.39477202206937523
-0.8240897222868334
-0.41465654671370394
-0.966733029365279
-0.27787911430594403
1.7293984178571933
1.4838858032797793
-1.2182441988254342
-0.010445576285209063
-0.7090063219787989
1.3821194444991842
1.047135384813205
-0.6387479292694772
-0.12444490730217363
-0.5356816366209954
-1.3992227786765319
0.9757189377571526
-1.0842408381366713
-0.4822738984941915
1.0096326607089643
0.6442153948652669
-0.3097510128477291
-1.0603386283632448
0.8156497258268139
-2.233341237385429
1.7612683293709324
0.2895051580284391
-0.9328130522294535
0.14318841383150951
-0.09145072127198826
-1.1188986662751226
0.12322946623688164
0.18079454359827848
-0.17792540583631788
0.1608628050220114
0.49684879579363384
-0.22719735398729826
-0.12734137044416186
2.1064667379329456
1.935919090693433
0.6262085713603719
0.6911373043748054
0.2888551499339672
0.44834054688610553
-1.5564380108405136
-0.017184971460677368
-1.114938265592544
-0.5032601578888247
1.1935593829767686
-1.9056637330063906
1.880371647218779
0.6213025712015754
-0.7209211896459611
0.2876351430555139
-1.6086416502420267
-0.5234901035576399
0.5992475025154944
-0.2160670350920825
-0.5352639305487724
1.795909441050487
0.9801880174395242
-0.9706654675432088
0.493214531781633
0.5449053385925136
-0.10660919846920637
-0.9836218378068904
0.29811626168256616
-0.5831186738377128
-0.1814192594687627
2.116001256791918
0.2391853697592692
-1.120727634065091
-0.6713892375446343
-1.2509995318140854
-0.8406412992248321
0.4815871977325163
-1.2945297208724258
0.8563021780629122
0.9731240925403774
0.8604290363157813
1.915691752335905
0.26798040742638624
-1.0823251411207295
0.06564063544675885
-0.3783140448197402
0.104706641280573
0.14715472519511236
0.9782926189475657
0.297721371973088
-0.9539506132624617
-1.2654156382544761
0.7451833649912425
0.5535166743005117
0.2843559677935199
-0.84091118056148
0.47503833465610507
1.6622532365362412
-0.49294929325544073
-0.6088299637929101
0.31504001536271775
-0.2307517459388786
1.1852515047578305
0.8057942159551335
-1.3383962165320686
0.3895853093689283
-1.003559329108696
-0.08144439308243616
0.45018308538644947
0.6774256774822058
-0.7133358889097
-0.6808535238303567
0.03257191889586781
-0.3929330556849625
-1.1655336600083976
1.304623554620279
0.6902997702462436
0.1598949063921662
-0.1958632537411768
0.12733934281307485
1.8868149682370603
-0.9407665923099101
0.031149464067584974
0.3779483691644142
0.8074700159465562
-1.0477852803182157
0.42883860069035434
-0.2771924918686211
0.9677284398976632
0.9737857132499419
-1.154652077079543
0.32166321252108954
-0.2250511814917245
-2.7992488637851216
-0.8674735040171065
0.27476997174944373
-0.8465880365396481
-0.805769707151651
-0.4803023503442246
-0.9771332343074708
1.751421151390948
0.7530315981394871
1.156892315253558
-0.42010707819979054
-1.75108847773095
0.5522225801852166
-0.2451916867881188
0.6025097662438379
0.592945206493377
-1.6212817362744938
-0.6690188645181018
0.25315467534676805
0.3696783508676478
-0.05795766815608028
0.40056738063801034
-0.5869336750725042
-0.417240822438415
-0.8544941805819259
0.051779556448638714
-0.3445365047098092
-0.7221725936062535
1.2721039453736347
-0.6329001831640402
-0.8032267315952077
1.8273340815380275
-1.649196924954597
-1.0381528538619356
2.536708492370391
-0.8737756134703445
0.8487644437433312
0.859961948924236
-0.49759634086722765
-0.8927766869039918
-0.5895593062978143
-0.02386802305379753
-1.164138495047059
-0.1617619572275404
0.5262676539739467
-0.19316067497134629
0.26279110213326085
0.3169821351581668
-0.4667705758890235
-0.15961322354736107
0.6144418572218684
1.4766352671508731
0.34120805481879135
-0.8602489732257342
-0.1957511205183049
0.45672893252431707
-0.16436616697013604
0.47998281671683923
-1.602201023765857
-1.5190478915461219
-0.2603311675608161
-0.7085303240334441
-1.572439006302314
1.3082121051353144
1.6516249347823666
-0.06501399121399984
0.4665326433748806
1.029099771756407
0.5299080946259123
-0.862416563389115
-0.5343369492557214
-0.4549622532915332
0.8200693188638425
-1.9766495435646512
-1.4495650767820183
-0.5062052129394102
-1.5827105130753498
-1.9804765215102749
1.5443829306481351
0.9528793881090233
0.2849508487723231
0.9370531252315873
-0.44740514874046483
0.6636988509474203
-3.0010860475322727
0.11360322547142186
0.746020074856388
-0.12219129630491277
-0.26270787725073763
0.6540293147361337
1.6822105963624538
-0.6247167591928371
0.001992789609784556
-0.8912584476310399
1.5711250199713145
2.16731549287579
-0.9312768716353476
-0.146526896217987
0.8365764128347453
1.070813488433119
-0.7166906781024095
0.4188968305357623
0.2239973474391899
-1.3858159460939456
-0.391977461424358
-0.8786903339785028
0.7334091272756561
0.1154503403636817
0.06633236997340193
-1.0083447716939042
-0.8785047169728193
0.6805677317598671
0.45449254796308036
0.17596470956498528
1.839164335387684
1.4298739287101108
1.2612002752119003
1.2541255039314856
-0.48470456215750873
-1.0830585709936509
-0.48928221858116466
-0.037432599910524444
0.18595704810792732
0.6426420382549456
-1.704253019346184
0.3499861558225766
1.064522831679693
-0.09444604257890879
0.38753278948723613
0.9468184302023078
-1.2407715727150295
0.3059587344451898
-0.13348453120169082
-0.135536553865714
0.04689208044365706
0.34923184244356226
-0.2648675748216777
0.7826677687073722
0.9880570424717448
-0.41462959456812776
0.2858900895952152
0.9408148395064345
-0.4634386477463549
0.5801494701342098
0.814033612735188
-1.6181716885507609
-1.0565112932938525
-0.3611430320664622
-0.003925571942674642
0.7464319250913516
0.42216777426524765
-0.8545148226781819
-1.16737515985228
-0.519560675360114
-0.021092635588985807
0.4770681457904928
0.4653834656338877
-0.0547775964249648
0.04131910803308086
0.24802935346132687
0.411687391614108
0.7625063170502896
0.04309645185280787
-0.9120530987895359
0.3044497900241344
-1.4856954845255312
0.9660533926158116
-0.4295334924789577
-0.15350970066354647
0.9353566479220758
0.7184163007493364
1.1872884193831685
-0.0185528083081905
0.2833211268659866
2.0874250500792173
-0.4940525487654186
-0.9746694403981963
0.3418162181217953
1.156427431158842
1.0806266417228483
-0.5065959932529098
0.3362592189602453
0.16898645239533563
0.9247279211431183
0.1366071743738949
-1.3458169163164766
-0.016452165733655724
-0.31603755826232804
-0.5393488978355243
-0.41559386171172913
-0.43319414575426934
0.1791837599763066
-0.11778900784243154
-1.265932110903584
-1.4340067691535552
-0.9715044279169044
-0.10208421013299053
0.5963639651530341
0.443587767305692
-0.44617820504859335
0.5354705508290959
-0.045520003457054196
1.0914012646291977
1.4862142957565312
-0.9400932252430859
-0.3467603620542668
0.4729130151072151
0.277342033042048
-0.9278985563719956
-0.7686858640747813
0.6581010458275074
-0.8251102934844561
-0.5346359722100757
0.38499993589704656
0.14639360342467797
0.13997002582798282
0.0727198824742501
-1.2197275791157627
0.6049589531839248
-1.4616394765047498
-0.8857689761508465
1.3365759756565763
0.39361555597906045
0.5709720533839382
-0.6802888734430376
-0.978843211289627
-0.6257642657557405
1.2875889085990762
0.15734314522288503
-2.453220209309113
0.32351168062715024
0.41993238405502237
1.2781584317704042
2.338512498550522
1.0706337804952504
-1.2948533779334581
-1.513144366264977
-1.7377177860703075
0.4250541015489855
1.1758808049815181
0.15935213841532359
1.6029226620004258
0.17007813678154754
-1.2459896198699432
1.4657478183304902
0.32291521520886474
0.6096915160267253
-0.9166961981505058
-0.9500248516767181
-0.5331794940937549
1.206602132784392
0.5383882937874204
-0.7880158315742474
1.1214285709393967
0.5008766542989773
-0.8450505955727962
0.019320998121075943
0.4197909954207198
-2.0562407686804898
-0.13242586179120866
0.5491628801656208
-0.21444142931986962
-0.8297694526060406
-1.266575017173808
-1.0347590660652874
2.23387086801938
-0.6556698455005426
0.3491081163091832
-0.6849543535862974
-1.498100834794368
-0.8188700036896417
-0.2277526996928849
-0.15806111793094804
-0.549835811825856
-1.1043528473974733
-0.3519812074401987
1.2213284590278768
0.025074297219522052
-1.0256920485372014
1.6270950521322136
0.9955033120297861
-1.0033763057240552
0.0536061784480056
-0.4888741405263942
-1.0212538996374292
1.3458417207390367
-0.04304087655694104
0.46535320726786056
0.9540442179648881
0.3539870281717826
1.545397674595467
0.7121176518244999
-0.2894318562938577
-1.2232999390689971
-0.965648142939875
0.6540972468958209
-0.012421252842748514
-0.7225231265354445
0.5720322265715762
-0.05104407667282408
-0.25203248423451685
0.3460526512038868
-0.8686022019727635
-0.07135897556538999
-1.3668904397321426
-0.4968946551181927
1.5540202624458972
-0.8132197791589606
-1.203910930005676
-0.5618433508369296
-0.5927932528438563
0.8910411006193909
1.5283118263342996
-1.4044594101618348
1.22390876576827
2.324186632523147
-1.341860594583138
-0.16665304038211837
-0.5015958804827485
0.9195442390897215
-0.8765491260055231
0.31071434934297804
-0.2554583504870205
-0.17507101158626215
0.7216425170989615
-1.3493078427589391
-0.5841669558205765
-0.5954331981223199
2.08619753508746
-0.03530568656814455
-0.058680541967053974
0.6726897272744079
-0.12985498366785894
-0.2679479224480059
-0.6311317792560741
0.5370959137144974
-1.2947972294872976
-0.32890270474502015
-1.1614238411311104
-0.26513084079194954
-0.2848011067431405
-0.6574716248175075
1.7654248816472913
-1.1967114861904742
-0.19661577032950256
1.1557577193338693
1.041936661174202
0.781022988003703
-0.861032199168023
0.060083241018435575
-0.7357236588982035
0.43969443725880486
0.25179933305260943
1.453339273159426
-0.8124803130057124
-0.7669278209095937
-0.173876387618926
0.7072439565961619
0.6297256106516852
0.25619424248752165
1.0751498670052972
1.0835880626670702
-1.0009560957811958
0.21174743734673093
0.8903141015004506
0.6152973049830344
0.8866083036936513
-0.4901223200561852
1.3628550555016026
-0.6091060009127965
-1.4795634966518174
-0.1919773468448948
0.7293149633373743
1.6185304511932423
-1.0950161369964964
-1.527538389144189
-0.25454893246716065
-0.9421529110987801
-1.177399329514682
-1.1605169552566716
0.1809743806024583
0.8376954492514703
0.5237678766805232
1.1187289267652827
-0.8927657817105903
-0.8722414434023582
-0.06292901168826069
-1.3084404684696225
0.5381471882654725
1.3781095102286727
0.6373956670299372
0.3292433105688169
0.2116773313484993
-0.3380372574857576
0.04002831294118301
-1.078146036256933
0.7169978827240052
0.17325739821603856
-1.0493906487930718
0.972695925207875
-1.5849744404787798
-0.6740197491928878
0.8759767288335398
1.8003784925641353
0.6051462396140275
1.2830414111241797
-0.468738397603416
-1.211046813175403
-0.22810815277315966
-1.2478806239514906
-0.6923562951170262
2.5747967059122
0.20581622553571718
1.361705904237999
-0.08515284786283847
-0.8128892940434869
-1.0125081039930695
-2.0893564653513854
-0.07867750640472317
0.025782767531482068
0.27889395001462486
1.0218802052976148
0.22514069832322195
0.18555432715208436
-0.5067670773575624
-0.8605220967736084
0.2729006873136892
-0.7836001566386185
-0.6605654771804655
1.2903762084996808
0.32581480533435153
2.0986289880171745
0.4674057187154317
0.1169802188064829
-0.7696442420401551
-0.8488082298320979
0.8413270617190364
-1.2867121890124595
0.07860130267957484
-0.4408336099828162
0.5606158324858729
2.1379897493195448
1.2462474600879319
0.30915527356006073
-1.3079075893356804
1.6001220681674544
-1.105056003513036
-0.4978917372333128
0.11292165382916242
-0.9977017220922773
-1.453843699568762
0.3282336540527725
-0.18158997602252502
-0.6526680858919787
1.4718325969511472
-1.062359414632475
1.2434667096913852
0.9133024057042168
-1.0995707481595745
0.33473498475438485
-0.8669318192400507
-0.44828181163029746
-0.8149301276183815
-1.1425369887202104
1.5460387971724272
-1.1207128878767354
0.4876214232725624
0.44947741934606517
0.11255118699553768
2.032528048419674
-1.4890577807662475
-0.3743482456857437
-0.42531143889104733
0.9206987618881518
0.5197478256807764
-1.5847650943028506
1.1429922496334128
1.1744866582938494
-0.2101022538791528
-0.4482327196701062
1.0388745106607982
-0.8231112729287875
0.3094680259561758
0.5922213913899154
-1.067722498674122
0.4015492206913053
-1.7091703671584977
0.9432730133309609
1.905870882096005
-1.5038094564244084
-0.0996691653689575
-0.3891526947567504
0.4652226296874845
-0.5285161475130613
-0.7151342488519937
2.158339254630884
-0.674459428170272
0.37822816298240614
0.9260422843285074
-1.0234502923486064
-0.5252989004338038
-0.9095037902537347
-0.7627583550452078
-0.6580563285155914
-0.7356595185844576
-0.838883306111028
-0.9421067923260651
-0.588992864787923
0.46893749205700175
2.727053549659199
0.3013521382900761
-0.48014581507722065
0.6987599433200139
-0.8189998612620023
0.16488970317138946
-0.3557795293306196
1.2235830741163316
0.051732777045250616
-0.9877841290716483
0.11846055250217895
0.5005926530040506
0.13980206144252091
0.45443449039847056
-2.4678697391596947
-0.8661112317373815
0.27964419767974713
-0.8750833443515321
0.04877284894400062
0.5402685916376492
2.0256155216350544
-0.28282704297016736
0.24592863736196197
2.2233840546217842
0.04967053986947801
-0.6097725443523507
-0.9522607060904352
-1.103274208796968
-0.25239946443119626
-0.7687835569778076
-1.5540051472564096
0.06223587085159771
0.6771692631651539
-1.3004868320142393
-0.8412890950578029
-0.6967898673967834
-0.4758082283338237
0.5898833951106381
-0.7750553422502384
1.0894518139997247
1.403729219155514
-0.7208805909402887
-0.6244505039259292
-0.3401860825851519
-1.3784766391927787
-1.3598852046846321
-0.9317544305437655
0.6213088636234781
0.5500706464926087
-0.019424335117887794
-0.03304759953994025
-0.2425556543316
-0.8969733056088752
0.7638801627119286
-1.3743749168384922
0.8037930636998557
0.04131601451185694
-1.1494919111695365
-0.33550777311540186
-0.06902881996130666
-0.009317568907698524
0.08301942105453311
-0.16273292544361004
0.11640589953461898
-0.6288880484175783
0.49415782472660913
-1.5418334944855319
0.393659988342705
0.01844772234880004
-0.5087998530941611
1.8055909740114473
-0.5610524039376206
-0.0059040673357949785
-1.88276170594537
-0.7529271822573261
1.087577996450181
-0.9869958264576468
-0.07541426668296863
0.21523534168593747
0.19457233155930695
-0.11408217044568178
-1.2581747725352554
-0.12807213394628336
0.7476859458830325
0.6508643014065583
-0.2756076719420709
-0.07668258881518576
0.7721669163168227
0.3592469725227064
-0.36346286483571677
2.9311801819853547
0.08291300127491597
0.37502199571868994
1.8030962632988878
-0.46634860912569726
-1.041944995336293
0.8289317707932926
-1.53151683102844
-0.8245519324349478
-0.32675764934127344
0.18036180477994007
0.052936304627876477
-0.5896906288472193
0.4530278854788836
0.36961511254536206
-1.3932399517985332
-1.2206377328230995
2.472421051898405
-0.3254293750579554
-0.4123927429699443
-0.0621825525526649
-0.036313207649323644
2.6213901682435297
-0.7526633769171487
0.1480910649742121
2.231027192072712
-0.6775567883461932
-1.5343910319292742
0.8464232042517792
0.3865873560115898
0.35926088210124285
-0.5021307994948194
-0.25950905527728396
0.31774484407343223
0.08038418737677819
-0.14740460891942192
0.6081658736451591
1.7252554273394831
0.9680966327254623
0.5951565365340848
0.11277521383480366
1.4205265520854646
0.37172165884042174
-0.4532195572243479
0.3755175890609888
-0.4292749730408054
-0.524633753936565
-1.29424962171697
1.2879767596711544
0.2573566401383985
-0.5911272612146937
0.9702401567581823
0.6070292809265576
1.0184102517060547
0.09531095140496428
-0.904445215942049
1.79749079117537
-0.14386274075767744
0.5961192803879976
1.5391837984039565
-1.0758627352016408
0.6559540728897837
1.0182954357191913
-0.9866315320787948
2.2192018623545704
0.24368548588720895
-0.33289331867459215
1.4571046773069587
0.537228607329753
0.3666302381259309
-2.1183528337096296
0.5863705992618143
-0.49704656981860146
-2.1280277455239176
0.6908586192609529
0.8466319407641768
0.5955443154847856
-0.7049814743433689
-0.02361513632342149
-1.0829619573638767
0.16611683365771
1.4061717221537418
0.6309678888870532
-1.2649363141781917
-0.383694416906015
1.4145724346680066
-0.010539789646464563
-0.40448483680149233
1.3506629582178458
-1.1043372591118732
0.1165208272582693
1.438917166331503
-0.8100645138284231
-1.055821608407925
1.3330749578101784
0.13487532542775366
-0.14753992461271714
-0.8484083439141019
0.4348019867275077
-0.4002278684851759
-1.4590184701612856
-0.7877113527846105
0.5806207442411178
-1.173868916185982
-0.8807760333633525
1.2800679825658396
1.6940853990108475
-0.7508725185117849
2.331068622010648
1.410243485814047
-0.34698251400676033
0.6387127995223777
-2.2843528000199727
1.849523757017786
0.9711511423502687
-1.6657848784550444
0.4423338257425291
-0.9037028732581199
0.13998424280763977
-0.48142731794725385
-0.6872843894167734
-0.9202721825258001
1.0440589893009191
-0.12279674429123139
-0.36196209322783024
0.9706846617992262
0.6893978300154174
-0.006518815526212367
-0.8676801463136944
-0.32859880930437196
-0.7643239111309457
-0.1695238259044758
0.17489285383130243
-0.5787929417244582
-0.8092058794297193
1.6299413813647499
0.1439191324095244
0.4213026994834079
-0.2571766733102022
-1.2215433908310451
1.4585580738958586
-1.0996637674239047
-2.064665301546349
-0.12767862450140252
0.9608705809180804
0.6240375112256751
0.7300681321003263
0.29613192398938676
0.7557764420395634
0.011290626528305956
-0.7318253527809858
-0.8297218211981506
-0.6015093778782326
-0.6409391665535219
1.58841064783949
-0.8080262901142695
-2.3979421480702063
0.8847303996853125
-0.3453017898240073
-1.5231922625984058
0.34947202856587434
-0.06154487718111964
0.9946527356981878
0.2478871573709758
-1.053661828486813
1.1745449000235177
0.2069330790226591
-0.6745777817008347
0.05017390954273074
0.19332360926883352
-1.0053603401460887
-0.9447543156082773
1.1171392802636364
-0.025861631803401702
0.43586090689049933
1.1715264762329125
0.361306496260042
-1.3737605905307282
-0.7684329544239119
0.18756863817795646
0.5663315079491228
0.8938903133136707
0.08536758045030025
-0.9266502945386201
-0.7519041337475034
-1.4384318307144233
-0.48025935542086284
0.38140711246186354
0.9722990711006406
-1.518448454375022
0.18975381257184712
1.6913724431076684
-0.23376725786519467
0.22344624167967445
2.3047757001485936
-0.7525666504423196
1.01540834501407
-0.20263785737008042
0.41245818296731773
0.2579292753987794
-0.8128769444252584
0.19072610925756178
-0.20545916874324766
-0.06440514742261703
0.3457379067960282
-1.3032919334007427
-0.1800565899990669
1.3686957648040063
0.5580462630313326
-1.1115320283265602
-0.6229221601543283
0.36270880318852655
-1.0725881403989326
-0.4875559172758997
1.0111370671412132
0.9661241554804717
0.2860899587505804
0.09426740597937872
-0.9555272347650158
-0.9260001687141347
-1.2538392649762888
0.23084567974558912
0.15301035575270447
-0.34106506923146207
-0.1333074956321917
0.1983324722343708
-0.876209756359408
-0.07406913131914328
1.2879122423075524
0.41912588027248165
-0.40386917108387665
0.16185019556135607
2.0850297749344624
-0.7701790496247115
-1.0180495827079885
0.07305523126820004
-0.38055050062863943
0.37977420372954773
-0.2158856044120098
-1.2303069110392817
-0.43586864643972534
-0.7960074359819839
0.33627087420762497
-1.9861128089430635
-1.2024085048690274
1.378553296886281
-0.5479012691096553
-0.5792974511268566
-0.41132978055145586
0.07982295665606988
0.37496044323024474
0.1618667771823797
-0.5089727322188864
1.6352558089408595
0.5675211632468342
-0.2825185204995857
0.4942664097074716
1.085849735725705
0.164020652075664
-1.5390354082709423
-1.0306687215034742
0.5581641120843104
0.997400060732168
-1.428734322640051
0.1132502336270325
0.677477949872035
-0.12261746418886561
-0.6498674550774868
0.769392242452871
1.0475282758053484
0.10536569001435295
1.2296038428097735
2.2253501753370744
-0.3366170407144812
-1.5856262666587428
0.14073460899820356
0.023545427683613382
-1.785376346054207
1.0980971943809508
0.15095231078461402
-1.3931260598374213
-0.6809204613462039
1.178826096289503
1.9178783160324884
0.6286504272139274
-0.8644025204762107
0.32071685229427505
-0.6685657753901993
-0.1837757142929169
1.0975204483336585
0.14101484959305277
-3.1264562519535413
0.8757196859984492
1.1850306026959556
-1.1887376629215234
0.9977560774016091
0.44028136285178876
-0.779143003312663
-0.841481037153907
1.7821140777595856
0.16898792545367156
-0.46919378093041564
0.11443999880602562
-0.3826960201380123
0.3346781092990793
0.017805270166223457
-0.14375038981177746
1.405631195915613
0.278017846651057
0.9107501471601654
-0.9184359387783485
0.8881771859849451
0.23049871196429825
-2.5184235379291784
-0.2782623688933107
0.9570451450565811
1.0906214832634387
0.4453723319528943
1.0525518661416375
1.8018378391223266
-0.4441568837873326
-0.35370871952145194
-0.7787109602448232
-0.6698185879094535
-0.6139637110074928
0.12382017950156235
0.9724417894045282
-1.534003682966323
1.3679152746602385
0.07396837388567412
-1.9653398247890108
-0.31706826434967017
-0.31276197070959283
2.159995179257488
-0.007927167604905444
1.1499516394107019
1.1796585980841607
-0.4698108233727198
1.644897634293347
-1.2661328699389476
-1.9986610066380248
1.0690700562279014
-1.4750069028607367
-1.1876977019863393
-0.8197696420713193
0.08260165667240758
-0.33631947357848735
0.8465413158559526
0.0530927943589572
0.5178503698221195
0.516876170480407
-1.2516672813265777
-0.8047452461298444
0.8427330426606108
0.20106942432177558
-1.6539443605671786
0.8489053314050226
0.6855681140384
-0.9826437057750732
1.1601363390888184
0.25223833005129104
0.241756562719674
0.20552713699392144
-0.7444711404270642
0.22065883621340177
0.02614219210773394
-1.695842562453919
-1.6739602092910795
1.051900698197011
-0.14194592205699608
0.09778012655693392
0.33341080130635187
1.2852087975617903
-1.195213344520153
0.7902526614184255
0.6060351283635144
-1.4378856992322095
-1.2606896200005884
0.7423056347663584
0.20259961411613536
-0.20836288870193592
0.8512957359505643
-0.4279907645244166
0.2739326721750107
-0.1844555774258802
-1.6520339481516146
0.0037640687663555005
-1.943267940991779
0.13111147761107622
0.016185840235595682
-1.158138579034814
0.6249032683802185
0.32896080158912167
1.226986290103188
0.4227819059012337
-0.752215070081157
-1.107474965040398
-0.05778737272801197
-0.5286356487128911
-0.38975768935552363
1.566929019110265
-1.249427462398505
-0.5467570496750614
0.7323306088013176
-0.1418550789286628
1.1414489809110515
0.6499029732308936
-1.498942754998432
0.9165115435634432
-1.8885048973157252
-0.7097440023825698
0.8096358680877912
-0.523285275267937
-0.5727946757009101
0.06540107065850312
-0.5742777338220696
1.9060676159818661
0.2963343261301353
-0.7098475236636845
0.31233375643286154
-1.0541004791771424
1.1105087618783045
0.24000198453665755
-1.2331370481860715
1.1587853437623337
0.6751870660053122
-0.16311737680827795
0.289257852871237
-1.6162525900381597
2.7594979759135936
-0.8004259929447766
0.6225997869651835
1.7279470843566715
-2.340352457893625
1.7650890433860689
0.7226451760562456
1.1829806792290338
1.2414488288940149
-0.7414697571970396
2.2798385753447126
-0.5360992533461706
0.03636051138678653
1.5464024371064973
-1.0679947358443234
-0.3706751701832449
0.6813268593897928
0.05822765793893124
-0.07127996729413726
0.5392277279202444
0.504012822922137
-0.10250590988921265
-0.42119032495830433
0.19962840118189898
-0.7988876817666686
-0.7645508430129316
-0.15013781978247773
-0.047274775079295915
0.6596858304881517
0.4050878879170405
-0.7922207070692152
1.4786855597099304
1.1026565841758842
-0.20607683972489801
1.6060096823665633
-1.3334643319615271
-0.0881234073434951
0.5988683309194655
-0.4212130942590882
0.5950359483392225
1.1720880532705813
-0.6615363472522139
-0.8630338616238628
0.8515686420816996
-2.108449781020775
0.7251763378047775
0.6771529371781438
-1.129999060629231
0.6053585424541885
-0.23165978590066466
1.0208667255547772
0.5391498392572324
-1.0689528711719483
1.3899080185198267
0.1528618977428369
2.315701688180763
-0.42688102169852965
-1.0487197125055487
0.7503275872257043
-0.22041363968339386
-0.6474790863506005
-0.2141251306933064
1.4583784501417107
-0.11066722587267885
-0.15738702021310827
0.06856807345213276
-2.072352711608866
0.07142411821534184
0.7883158134961437
-0.74508594755958
0.5850101346536007
0.2750669028971893
-1.2760339673388357
-0.8470071829149325
2.258330528344759
1.5724798473470647
-0.13120604826715832
0.5030891657560871
1.1228520748517055
-0.4260064523979398
-2.001080540410614
-0.472587860706978
-0.6078470211640521
1.0601651839694943
-0.6237589089704947
-0.08055105512971755
0.4374524719913334
-0.9524713762848417
0.7219579613315102
0.0635664901953668
-1.5162596450591277
-0.21861479616322413
-0.12858164488317808
-1.185361629069993
0.5901868540621878
-0.8498269905659137
1.4668022898620858
1.1079709145021095
-0.8488708858577028
0.3146303494979641
-0.5586612562082781
-1.583188894619967
-0.7967865382586736
-0.2025904628334918
-0.31308874095123257
-1.733595909040871
1.2465867403603386
-0.9015498663809569
-1.8984480843939358
-0.6959914508259247
-0.8046399987765569
-0.3173348745457922
0.4074334138371717
-1.4574231809034806
0.35170914034266987
1.7071438028839718
0.32785604369500443
-1.106558666165488
-0.9124901490690337
1.1363080098287848
0.08434570238125333
1.0748799556706188
0.18078084931006191
-0.17728457620023147
-0.38823929713490535
0.3046502541187358
-0.9904055126962056
-1.585009329842024
0.5245262051368161
0.6555682547856513
0.04134773308815935
-1.5286142075298712
-0.10816493383314454
0.5498481334815395
0.10214947997507068
-0.7259930445183774
0.28397678224130163
0.25245177344948777
0.0032551405544623806
0.4109226751967897
-0.10241770670713052
1.3159442283013518
0.34413820414052815
-0.9355579332067077
0.9700895370927122
-0.6880562084438198
0.07427028543018938
-0.42456676127392523
-0.23063658450846947
0.2695166723029795
-0.5146154803733968
0.021686800449263917
-1.0188666942186793
-0.4575333975539316
0.7458839322504529
-2.1522267572901628
-0.2826119850804951
1.1981063020737859
0.24503921251067473
0.1886165381668735
1.016923279705778
1.3335175901443563
-0.04736478225989386
1.1734789253423443
0.2218234779061586
-0.3700237915474065
-0.8207194086573203
0.05978102976788854
-1.1170784129632836
0.23923488881385951
0.7717898299269332
-0.2168244420184744
0.0590889371052602
-1.3327989890741059
-0.6415035603232813
-1.1803521788370253
-1.1583466275273868
1.0426862195892115
1.548164150621039
0.17403044517148064
-0.835856112746545
0.9538785538482536
0.33545878226826126
-1.3259161019261303
1.0019749785249796
1.272728072785879
0.521743586580042
0.6645933471822517
1.4431723190156793
-1.0689438984302748
-0.3578834772991911
-1.4771219551479342
-0.47110995860188254
-1.6680492848716155
-1.0126340218605459
2.0682127423532264
0.13031076092966018
-0.8051440609738111
0.8802863083646637
0.6601986119129893
0.4442433440826936
0.2534630163934512
1.6617522300972154
0.9964598568004074
0.6688106173733381
0.013512333174889073
0.5432504641260553
0.4703076948523482
-1.0159585360099752
-0.4909436227803888
-0.6056837238417686
0.47676091339676935
1.9304519105928224
-1.0004038552055632
0.4121788855343235
-0.6553756901817479
-2.032258510608992
0.21181115490104652
-0.39967819908117164
-0.5258499634819976
1.080224019348153
1.052153152104704
-1.3171414812681992
-0.8955375012631928
0.13259688091824634
0.19012661279408305
0.6725825494664084
-1.5673304972665327
-0.8630417615369186
1.4358948182585152
1.1170048461439182
-0.7531696058007414
-0.6265858546890065
0.12133807398432066
-1.3182025407541123
-0.5022305130411298
0.9873805279118708
0.673328572672395
-1.6956501974133862
0.3265280808238335
0.9471465361346517
-2.021538429268956
-0.03975770758288329
0.652351919880152
1.7088975180250938
-0.8045164056366543
-1.9900490659359595
1.0545447409080375
0.4819239265585081
-0.11881341745182822
1.250556681881555
0.4788442376262931
-0.10121489015174559
-0.1645428345979711
0.07974244813468674
-1.0891208187971542
1.1777327645475282
-1.126869341351594
-1.9915527334611483
0.19830855786066406
0.930638970767668
-0.9568991113227002
-0.7186681492440155
1.8936766198125243
0.2317456023811884
0.9363666875460881
0.7602891401714468
-1.4280753009096558
-0.48551946893425796
1.2385529996930007
0.007368653156705046
0.8844372169919618
-0.48497814177394005
-0.23988644902844178
-0.7754879630013451
1.286232851435215
1.1890969196227164
-0.43101219621634135
-0.679889211294143
-1.055727251636154
0.8987117345938026
-0.3233715734836514
-0.6960986536753831
0.42714515299014066
-0.9211942024229604
-0.48760603381825285
-1.2819701083705277
1.0880658015888003
1.7297396927366777
-0.2414390983858807
-1.0166217403428028
1.625451319054544
-1.1701424513742167
-0.6504281787584735
-0.1639079306812105
-1.4659562833568585
0.7673908482622533
-0.3421163495113135
0.08032091359255368
-0.18114439607075156
-0.11765967407489991
-1.1837748726450232
0.831932078373588
0.03768219545821933
-0.810734927963145
0.4275242951164087
0.7066477349749191
-0.02289898016677233
0.2627810394591374
-0.2711757611924234
-0.5584646628955481
0.9814955523979838
-1.0245819215699359
0.7961876368905684
0.3507979606210981
-0.2656853028429456
0.6839829354626943
1.8116892881993274
0.8355981003719316
-0.028448931103003398
-0.5724809732615288
-0.32669891941785273
-1.4732132208999942
-0.5277227436828973
-0.13245920713282608
1.662450024300582
1.8360109293557505
0.053533799884004786
0.8240741615880985
0.1599330177682349
-1.068977940873587
0.1805590642891265
1.8787082619472923
-0.30346350999526867
-0.4396424197183829
-1.4778044524702258
-0.7800025046651983
-0.811678187169685
-1.3720273436022417
1.1191023602747256
1.6001799193351676
-1.107017361176942
-0.44105783045185887
-1.0641289810754213
-0.18513311171694297
0.746818996617207
0.6905219926428439
0.3969221323203048
-0.1142315119817245
-0.5188736011647753
0.15388633991320338
-0.002311206516469204
0.7247915295693931
-0.1785631874336327
0.32719675603444304
-0.613477016853554
0.7919705706788585
-1.0495878617516592
-1.1965469569159732
-1.5608660942180013
-0.8818295065531984
-0.7946934307061999
1.3314496982655777
0.10631179447269795
0.9460193993078674
1.1240093947954533
-1.680337913713508
0.028540196697684535
0.462945177324985
-1.2475459270956548
-0.439249117543923
0.8936372826579448
0.18298334671280134
-2.522315778512976
0.33966542022553703
0.3429713446138486
-1.4946820873355517
-0.7571222562694445
-0.4063143229643845
0.9130858110104478
-0.025535212260298083
0.2258972521390473
1.2533149204125364
-0.009364767874508424
0.71779144379057
0.1744669787027327
0.634025901954454
2.2143003622069286
-1.0248500570869956
-0.4344955181620397
-0.50224874834512
-0.3210250455366164
0.04440729919232437
-0.1671025680482214
1.1660390469089768
0.48843768843803004
-0.26852566152165747
-0.7379013959648955
-0.4875034844409653
0.718666477376759
0.819219952751123
-0.8907597189148758
0.24581181526698595
1.4045715054768386
-0.7573243938849945
0.5994427613451533
-0.012778405146381441
-2.2738336738340914
-0.2511206036901183
0.8784114134708931
-1.4421869809789127
0.02768441690904428
0.5049808806900048
-0.43896758585640777
0.027201464346899393
-1.3112376265132502
-1.2047070178675334
0.8551934508005707
-0.17654727000418208
-0.4110485787483999
0.8135170957604998
0.9097917195724932
-0.906035365703778
-0.9612758017230724
-0.9098716491117881
-0.9120397519689608
0.7311786844261865
0.26106170892270264
1.7844379589531425
-0.9689947705375004
-0.5637384220449643
-0.31148029783927
-0.9120510151354562
1.363209118878992
0.08028479668127925
1.247452876014325
-0.04832816106177405
-0.09469858794499854
0.013196627386811603
-2.603406947209563
0.8306413985028624
-0.41250466748955367
-0.31930831499367723
1.44007289089561
-0.6271427451980129
-0.16715714147199082
0.6294071401186747
0.6611120394414236
0.02913154423660209
-0.18884984275310485
-0.015284244684549659
-0.436551508800188
1.8462496494998828
0.07653450020605812
1.2926305055156424
-0.5653748757194335
-0.2706710503407442
2.277305304073394
-1.054239470045956
-0.5249542890416214
-0.5177455853153828
-2.037491193086189
0.4928499755311359
1.3146424863691397
-1.5657711181986274
0.5960280104143135
1.1119507290429447
-0.07448041425458041
0.5380999712166578
0.027616455729228644
0.18328387836024088
0.5250271645925233
-0.5232535277231588
-1.1606038716597271
-0.6733909225082559
0.591244208908274
0.43813248760922013
0.7265731723338336
2.9440357614841846
-0.979691938793881
-0.6943221953792016
-1.9809187148327134
0.026353546976606367
1.5735533068564866
-0.9475217864109294
0.12061213483191782
-0.6685652237617311
0.2177763296036476
0.36378403600790016
-0.6790139682023987
1.49527273060155
0.4232980525574355
0.3880362378710642
-0.07813236936435994
0.3123528479756672
-1.141785579058528
-1.343229308938467
-0.41245985537980545
-0.3519016770528726
0.016404698791636082
0.4633159699281606
0.8298922071991589
-0.9707715548665379
-0.18802994849798127
0.06914067031067465
-0.32332471873343005
0.3444140466647419
0.11130320189454475
1.6879469581097275
0.2254809206177769
-0.23896450342006795
-1.652073263024983
0.6601516512434252
1.8887579889323876
-0.5146262149329833
-1.3704216705521646
-0.18171256836623123
-0.8319789896652824
-0.13296704863904332
1.1182369675338641
0.9211598108434389
-0.7969718448935568
-0.07276370392383791
0.19603537399998608
1.0391307764593536
0.9586208131659882
-1.2325732141745576
-0.9544603842618385
-1.3061372939700389
0.6570078483442126
0.17536940858409644
0.19318805070975725
-1.4616302547633806
1.5534653289799858
2.326293874847769
0.23189727583069253
-0.24749318405007817
-0.7139350991735892
0.1503971950215484
-0.05312252465763792
-1.6465621922215719
-1.3521244861426702
-0.0788367016639413
0.4801438324032591
0.3656828989159165
0.8552867096858994
-0.3188981648548493
-0.34487352756736644
1.510548007774442
-1.7670308304324045
-1.1738264721458886
0.7839152406693581
-0.7301117101397924
-0.18281168519206886
-0.0129192418404055
-0.1808575829351587
0.4337281149887546
-0.3786785071747077
1.19917953925103
0.29015711251145054
-1.4097492920934334
-0.3116119956960634
-0.8270465952113173
0.7618351211012908
1.291631093347809
1.1670635717456612
-0.33868114517675746
0.20573913018285347
0.20148472788071856
-0.3884639298454059
0.3686784960402336
0.4418873139823533
-1.3322682041763971
-0.5863251841271642
-1.2460177025727344
1.4718548903354047
1.9169187660050417
-2.085757157196859
-0.3652492777458695
0.9690024131004364
-0.3169834255824642
-0.7870381486616082
-0.5802956194379729
0.7929336937210337
-0.8233824445783106
-0.5328562161524959
-0.5179180575486156
1.2940880804747654
1.26304403681895
-1.4947278403142097
2.360800546723534
0.522881551343072
-0.46142955909466354
0.21391676630416417
-0.6829322961703632
0.46244455314672517
1.6333429420169177
-0.9727321564289901
0.045042093873032034
0.29808402317369986
-1.4425123552145518
-1.1388278362769204
2.023118113914163
-0.40621369631546306
-0.16233752590170542
0.14540910169933205
-1.1348507876516714
0.4123653696103103
-0.5002564169049141
0.25905684152611713
-0.04975221300021782
-1.4778555711545676
-1.9581198469906425
-0.13137267569370242
0.7598009537472044
0.33813357761212476
0.9459517469656961
-0.24148752766297626
0.3366029142761727
-0.32813303821918316
0.31278060218713727
0.37379875280229247
0.18672722670617278
-0.5328700864126893
-0.812924424823026
1.2366124136029726
0.2481433942143964
0.9733497614296195
0.18598293394496987
-0.4668754155334567
0.26811867745250717
-0.2026859005151487
-0.43776598978953807
0.2086478002186637
1.2786820761659972
-0.7670483102983752
0.6074365937713273
0.31390691768351886
-1.8638302523069563
0.9091704917722369
-0.8515847006087304
-0.5262948843485442
0.3926400795472352
-0.20330857110823944
2.0474446916355564
1.0584962757439427
0.28175526323106254
0.15587945621617721
-1.056632561849325
0.7794987485522551
0.04985921452953783
-1.4496392821122386
1.2488654785843087
0.7879566913947847
-0.30105779507625097
0.14480338480649538
0.6468095049395299
1.2068806415631572
-0.23243395854551985
0.22202657321509478
-0.8117203090642173
-0.8276931007094716
-0.7041442928762052
-0.5107151533498537
-0.9201242236193181
0.08046278494585596
0.6589703842456526
0.3307455800359502
0.4669572151514226
0.39186119973237443
-0.12257454479611317
1.6660807214639666
-0.3972639049297115
-2.6840961595196684
0.8953146060119533
0.9204666535778363
-0.42811236132371755
-0.1693443518799791
-0.3238961514779503
0.8413513849268143
-0.6587427970624545
-0.6127493351651868
-1.5745147816453045
-0.12233097069029711
0.05046535584842222
-0.3569508367284645
0.0682642791078851
0.7387339523358574
-0.7207817018798153
-0.6765393245332751
0.3225418306333906
0.20297175948746674
0.5744764538918014
-1.346762313368391
-0.9690227414200681
-0.1519227167005381
0.3750850777534883
0.6212796849556087
-1.2669653359486184
0.24056701194939267
-0.7905505279433942
-0.11722036700452412
0.2693891401361705
0.06152202373182694
-0.05037265002412815
-0.010107962486604715
0.535856115519296
0.6259672178222828
-1.5036470483705864
0.8388975823212526
2.4505102757569097
-0.09399489124670414
1.1141827656180334
-0.2878422767553058
-1.621168450531284
-1.7833734996582553
0.4172547245752091
0.06557269534581481
1.1154181473259954
0.23561534191593472
-0.29876009881347393
0.6529118966427507
-0.8935044403960901
0.06399323550458758
-0.3172740390440335
-0.2595050807940684
-0.3239324590037651
-0.825720387737025
0.7892255319995364
-0.6052443199535348
-0.6978671588193687
0.2713281970479974
1.8680579856235262
-0.35010653409926834
0.07720338944186787
2.418053581623243
-1.5339188188534074
-1.1382051690687984
-0.10671165012031145
-2.270317406571501
0.4045756065728198
0.6379676299080901
-0.13743891954222437
-1.0677499859209922
-1.8744067229907615
0.20846244202632544
-0.21415388833521504
-2.2798033326167677
1.1369190674304446
0.002347753471276601
-0.6456999256290079
0.1740512088236664
-0.8670056695416501
-0.11240979808791822
0.615252348176562
0.21560286865150283
0.1338927835052291
-0.6247195035002594
-1.3366082936890464
-0.06858772385544634
-0.24463559398225473
-0.26083836974194635
0.3185762445831395
0.048468591161282396
0.4802602523074188
0.18958434253587408
0.72582369174576
1.9093678386937054
0.4093963663724638
-0.13469285535318093
-0.3805705547816753
-0.7608840365311181
-2.2866159676301954
-0.2625488402780902
-0.0824807399439698
-0.5411402021783883
1.0591040993316643
1.8860197102356877
0.02902215948976414
0.3158894690166182
1.0087421482215093
-0.6193088769788776
-0.3261176047708001
0.9323223244928381
-0.1565306324726093
-1.47088846643182
0.37258195074010814
0.31027162469926395
-0.39268608152131246
-0.030732545910930966
0.9132822044764375
0.1197767903836643
-0.37571698625716626
0.5263238733413436
-0.24519988452822594
1.519484655967085
0.6522478727765488
-1.039478144458715
-0.17533060935124314
-0.950614117869206
-0.7984831222431767
1.266907426845151
-0.9382039960439658
1.0037638488329708
0.40601654285487954
0.5852266504194258
-0.5726857580782634
-1.5318285030471401
0.4617412451262039
0.15716320466932118
-0.6578734964145073
-0.21717402670374852
-0.9502752401632114
0.4461287290243061
0.7380453088651608
-0.0251456396444879
0.44911074275674745
0.2565313071541479
-0.38459740290794486
0.6690184538416485
0.605081019146752
-1.947534211973085
-0.3755386786690524
0.30015742308825427
-0.7228811463144865
1.94047389147392
0.8281696768966497
-0.26347873341838257
0.22792501768220058
-0.8165642465318605
-0.017761046620859932
0.32362608271920545
-0.379801913339503
0.237336825222971
0.6789023165052608
0.7392883196374592
0.6846784664222265
0.4089967970815434
-0.29054229493306216
-0.715069040217037
0.2684102666169745
-0.00837310727657732
0.41732637003944784
-0.6471301176914692
1.2495336564053583
0.3215833751193536
0.030826220702021866
0.5745326304187822
-0.5080609085319947
0.746030943632617
-0.10096723217311983
-0.7906126648466096
1.214317182019745
0.3590740498250289
-0.7225312824260249
-0.031149376188817607
0.6326088997398082
0.599791868501133
0.2555729492012424
-0.341173453252235
-0.4401892499300095
-0.30570452795762687
0.8960038784662383
-0.34908229194333273
-0.6803398826481746
0.7509032112078513
0.6543751134553726
1.1990835281453485
0.4278134329262831
1.4574693643400578
1.3367619067749121
1.2458226300074344
-0.3333959349409657
0.05271525155206371
-0.004240856205752789
-0.9801478800657081
-0.7894374363627759
-0.23418103916209618
-0.05981847026093147
-1.0241262273583929
-0.3623849217987075
-0.597379459607184
0.09659133416194067
1.3054580700086227
-0.9588375198633348
-0.1662716745431043
1.1610078915581885
-0.6318342739666688
-1.4864115161812366
0.5841388216978902
-0.8631920598129849
-0.13879126327892805
-0.286991534947605
0.8743351396443572
1.5280308334460482
0.46697857808590704
-0.818608869839758
1.2959325874059733
-0.47707647330857866
-0.6928403204072893
0.06856582239806765
-0.25469750543091557
-1.1874413802656218
-0.12823726174638428
-0.46317959651536633
0.8996202436852085
1.2541566919173932
0.685299338737294
-0.6712559729995726
0.9147464309931526
0.5297959807082507
-0.6045585924068413
-0.7310209085395484
-0.8800322216223976
0.676971309377509
1.9451583754932227
0.7767488985347484
-2.0106062867458725
0.7909305099118141
0.015452030662221738
-1.590283429817539
0.5591050870003261
0.7181917241189628
0.8688444179228172
-0.2277621734547468
-0.6493342225419003
0.7718094355547188
-0.5416441587144547
-1.5239052493509244
0.6065507091466389
-1.755614164866416
-0.4192042695614547
-0.7560110576752842
-1.0955680663109102
1.4627535454520022
-1.4528365893048838
0.6365392476591822
1.0394130708906704
-0.6482271261812917
1.2510505538435308
-0.8272569990170623
-0.3899706322385644
-0.28028950490112137
-2.308877617800821
0.8532181543406869
-0.2604838474271833
-0.8483921708521102
-0.7841677706217586
0.01705390567776554
-0.7599082781893992
-0.4439875025662036
1.0030108978030112
0.12367480332737849
-0.3371928475766811
0.33472266123684813
-0.33189485485915654
-0.740370051125867
-0.4723820304331274
1.1913581845805619
-0.19019838038194845
-0.44786790998893533
1.0994634784958477
1.1062704962996457
0.41953555587811847
-0.7190957877200874
-0.9440517626998587
-2.4927922280342663
-0.5566540314494668
-1.0656447793949455
-0.8407037393177201
0.6783329568879191
-1.0464787116040375
-1.0486856678910854
1.0270933014221117
0.14865124292682536
-1.6990669244837102
0.008246712227582461
1.210420167660855
0.10335286519710438
1.5186970374772704
-0.7654210286078528
-1.7432096855934127
-0.0378676237584106
-0.34555124947459925
0.5631422869235824
1.2986824938054493
1.0227449270271263
1.615412558290142
-0.2898199527263246
-1.12695664176138
-0.5455251740683797
-1.7209079811083903
0.991121412150745
0.9798367937500096
-0.4632500197500317
0.5600123110302064
0.6920039859630767
0.11224276488786693
-0.05560515004520436
-0.5348485166422539
-0.435876603860569
-0.7601054892424797
0.17185723471649877
-0.40660918366781856
-0.7013009496513875
-0.09612579924641185
-1.2862905908517421
0.3499819272049737
-0.2331454654028455
-1.4601526795976025
-0.04987303995423451
0.3689900375772146
-1.183113598007323
-0.3793413776714796
0.43795732883936844
-0.9682908223475862
-1.0160450136167134
-1.4029139644302406
-0.8184028882936045
1.5120065554286857
-0.13950923040721805
-0.6519533413046035
2.1135471055804778
1.922255578699137
-1.732861162044049
0.48148364568381186
-0.5945359358903742
-1.500221560224955
-0.09471690222264015
-0.394795192305399
1.183068757916383
1.032140878752114
0.7131246062629506
1.806145182618922
-0.8626670439399203
0.3694420557760665
-0.2775998040820894
0.8486852123803673
1.266587457988937
0.4425622506811578
0.3465116471307102
0.8159001551721652
0.457704331776589
0.6112655093798147
0.841727368988822
-0.17140637083772797
-1.0424163842762464
-0.732890367910646
-0.8203548951073037
0.2836566786020662
-0.30143883981499825
-0.9175249548353682
0.6995343170885046
-0.660633097938367
-0.2361847929384051
0.5329634603528843
-0.1031484740082579
2.0543844224882424
1.0675248188441864
-0.2967129388445394
0.5468011097216785
0.36516355205598766
-0.3860496037891621
-0.4278919382394825
1.1482960376068716
-0.0027900718201165366
0.2957714872225256
1.0940759140625698
0.09670701573202221
0.9365624996070924
0.273251408046601
-0.18358379350349321
0.5777071275051622
0.1727226741822831
-0.8174992471518852
-0.3511607842688969
0.8691373881049744
1.8232840949702043
0.8457378678855239
-0.2342157403331076
0.7358829927793035
-0.9436140091397176
0.3173733529538883
1.1003577153921298
-1.4127983069553132
-0.6426604716398246
0.19763377915084118
0.4729644206991547
-0.3616635138764356
-0.04938870786252484
-0.32763028869390826
-1.0678709815409748
-0.7547758007862748
0.21525395764260594
0.8281853119796997
1.1728052729038396
0.37991643198017466
0.5335616815683548
0.0078098630989587225
-0.9203414881090362
1.0753291570288126
1.0313554728858045
0.6244750333586155
0.5380760719007684
0.38273186430438094
0.8937935858403199
0.1900123955911901
-0.2715946477637153
-0.12439806331177918
-0.6539890994414146
0.7503636702923494
-0.11386711413123828
-0.2853754423234878
1.4816697061524937
1.7927297512364044
-0.4811276920437952
-0.3149516738963503
-0.5808280147630196
-0.056160031416309694
1.0776302794431443
-1.0393102626689965
0.7024769180060167
0.4618657061026926
-0.12023672515101086
-0.6700572533837622
-2.8952491617638096
-0.2969028933925189
0.5315650212010099
-0.3606954709662857
1.5020601993293714
-1.0646816702643949
-0.9092221182230993
0.176031954344521
-0.5950695625233423
-0.13149359000611366
-0.8838289243925758
-0.26319974281436614
-0.693434496984929
-1.5077723296229741
0.9517009897250915
0.6490657515571137
0.37601227906503515
1.042728175589181
-1.000223805936735
0.18669007652999203
0.8647142780068302
-0.1694974759014099
0.5254302516877005
-0.5391732117939972
-0.5371997754246352
-0.3364089647556291
-1.0568901085931508
-1.482461094583657
-0.2094828910982722
-0.9074853639333015
-0.8462625524618306
1.1905649672376255
1.1092223543926305
1.152085788104377
0.07992056536112485
1.0425807400178577
0.7458908406563931
1.891604323232424
0.3082394979068543
0.5048629242153381
0.3115294451212428
-0.8200740386803982
-0.12886967276365957
-0.12369902305559848
-0.4096787770546666
-0.9559331393675555
-1.2878191398353074
-0.6095730893050731
-0.7994246205223964
-0.4894888053737695
-1.168441645697578
-0.2394415948234998
-0.9947428258220837
-0.9148565577736756
0.37183927727545374
0.5647236712400152
-0.7078517896650287
-0.28208655881502975
0.6115344567650551
-0.16353212404576584
1.5553114269914516
0.7166396596141917
-1.6952833937547565
-0.00811177615361277
-0.17972631198228098
1.0273856088480136
-0.039697610089942596
0.6517324996815695
-0.5974780690670193
-0.42133575858993544
0.9470679898898704
-0.5887589045069848
-1.0221470471454064
0.6426659658197401
-0.8612123608730717
-0.013250638525532488
1.4813238666099628
-1.6482219295701195
-0.40072988061289955
1.7050808449487633
-3.23006580238533
-1.7241151388061897
-1.7513756833441565
-0.19821435271695545
1.2512262461415562
1.3451609462081218
-0.8030772106629369
0.8350122583150652
0.8523311102755771
-1.7996538513115488
-0.4010052860681874
-0.6159596381807082
1.6017541184600566
0.7016167115638103
2.084291861557499
0.22565403995777733
-0.8379199352711034
1.5930452833537478
-0.6191379445986652
-0.8170680041230117
1.3840886923087894
-0.8768063611345588
-0.738895577660829
0.13190468416258733
-0.6736744919572814
-0.7480267859918239
-0.02069505943957642
1.9580566839605669
0.28220420058061163
-0.14657321652357516
0.7156699297996367
-0.50321997542024
0.40723701513493604
-0.5983756255424557
-1.240256585930151
0.13987737134646716
-0.5829551862262584
0.4884720446924156
1.4514854433151956
-0.796808104267926
0.9527234979596892
1.1177849230573715
1.3704413775530595
0.27104447018604044
1.9196324948133638
-0.828779767429795
-0.583380626166798
2.0679461426915253
-0.927588531193744
-1.6239115871737224
-1.5446662270092641
-0.05232922591674202
0.1426748637792949
0.7678560180661901
0.5552340025492104
1.0533036750671763
2.536201213577794
-2.2233751977280636
-1.6458043260469952
-0.8752606715683869
1.897603703891726
1.2775868738863283
0.38992836389935204
2.675686182279267
1.573913782444595
-0.7514728043080169
-0.45193793091418033
-1.190638026908075
-1.632982389816828
-0.6935911053900141
0.21543845909052337
-0.21164119675224063
-0.45559345248784666
-0.1103955870551935
-0.45496801228495193
0.7937101773479487
0.2812987586616054
0.21577991128904925
-0.7518069728105147
0.9829070018647091
-0.1348208354959046
0.3115039093686349
0.4100096889756323
-0.42796920416590545
-1.4187821170135486
-0.9007514583281926
0.44383610020701336
-0.14181268227490085
-0.7496884167439853
0.031946992415519224
-0.29696687543645167
-0.4443577154963953
-1.1976424721936343
2.0309738469093506
2.406535558791039
0.5467840589914291
1.9672276251708347
1.2318374137771655
-0.18381026995176233
0.034364071337992234
0.20406861415959957
-1.269806325471559
0.022648511094857424
0.03210887640083414
-1.8242624280202067
-0.34726017100469586
0.21286273381901089
0.5176325147889563
0.07202143751724234
-0.18351391347372895
1.2408426734134574
-1.4359149611759756
-1.6544231939915248
-0.39691059781795907
1.4478733442144947
-0.27704680010528565
-1.337934043384235
2.2751427052956594
-0.21525169575125913
0.2759196402121011
0.12315676841275565
-0.8180022964557077
0.0062598782579489
0.6115790112034908
-0.3050376010802451
-0.419932234561662
0.2598063631472884
-0.8480074313861679
-0.900414153965033
2.447397939780845
0.6163183996144935
2.0847368708825695
-1.3602376926493915
-1.0253697122358398
0.2964195200379038
-2.316331924495443
-0.4126036984100749
-0.19358501051175717
-0.6307001759786913
-1.1546533384705142
-0.10891260965377031
