1.0189937727844058
-0.5849433514878719
3.2135708589311873
-1.0855031989594022
-1.4005666787395799
-0.4045154485213805
-0.7483443283735398
0.20996779025346352
1.8467767214194442
-0.5929409733938417
-1.6164833143046677
0.1437746367981175
-0.9924965416408106
-1.7410606587863058
0.3766367893979513
-0.7374176654924703
-0.9850464305583093
0.2200122249143892
0.747767861214508
-0.15113082940839476
1.1931217044922944
0.1348941555820982
-0.9748990584239787
-0.17521778402855162
1.1140723561977717
0.24515728844813436
1.1408553610891154
-1.020252640219313
-1.546217166855212
-1.4042969612771539
1.4438727320278169
0.6064349090833693
-0.01946979261512865
-1.009938500937263
-0.7928000779594406
0.023347622338169054
-0.056059874264979034
-0.02279333880219214
0.47205947646950486
0.9931721732217504
-0.1925230913837018
-0.7121961850658544
1.2127588567478778
-0.7761087134413059
-0.05618568402535741
1.456430976763712
-0.721051170227971
-0.4271691141369777
0.4618249704007586
-0.05294583588598874
-0.28786231813156055
0.34963466792883835
-0.38045480852493413
1.3805267459331072
0.2110777865257111
0.34069598189889005
1.3764215268087874
-2.2697144957684317
-1.8740047560934687
0.14359948589483276
-0.9297629673668377
-0.272280199048233
1.444385743839238
-0.5152104061513255
-0.88916263906731
0.020118893043869407
0.029557290874439944
-0.9977713253196907
1.74071553704623
0.38209383450158024
-1.3744988419687962
1.630960242514666
-0.010881569681485662
-2.465024977093584
-0.3807804277958614
0.20395685462867894
0.17933199682525
0.8429554246332116
-0.6926741249733928
1.2774270388868647
0.8826306557174434
0.34529755424950204
2.0843545462824236
0.3145313228637624
0.4852600040233546
-0.8960050760967816
1.2465820998603614
-2.068087275253895
-2.6197656747327183
-0.3209240331059781
-0.49976381810362164
-0.6084319633622879
0.3725938971074272
0.8879409728592729
1.0393751027600764
4.234019479773754
0.15438437375748687
0.6572349241933471
0.03152844281185962
0.0023741152311816064
1.2138023307050565
0.19519833928171929
-0.4647029255032717
0.06483705156718382
1.0297234349120539
0.9477220744278697
0.5421337611061429
-0.5585181934003699
1.0630116107236818
0.5796315369336092
1.394024989164956
0.21994154533843147
0.43314633616554415
-0.39603619683935426
1.2842837001625136
1.385387004836075
0.13434001787081543
-0.8073970466752902
-1.214962695695811
-1.0065253837694403
-0.4514085008445601
-0.5752641080959793
-0.11069408859794634
1.0111269063800399
0.3718782278294068
0.13533130005704325
-0.3441844083878008
0.3012353874846576
-0.47425940067176336
0.6118772774325874
0.9008815204971702
0.471796303318774
-0.6068000040964084
0.08827515502877051
-0.3437490102237032
0.08420483127840482
-0.11607565841986157
-1.9260143931547806
0.4427117302549332
-0.670711336540082
-0.636336320102499
1.411142309266478
1.4627089445205532
0.9074672008532085
-1.4534200442220822
0.5214406770652148
-2.0300001269083765
-0.6861447333372171
1.3122385974064907
-1.0217240857096495
-0.38520304741301575
1.5736451784225336
0.5754759337491135
-0.7727240021110967
-0.024760546711577108
0.25181349163223027
0.2662332507392238
-0.06114833606770799
0.347507253794632
1.6360996058401391
1.8486218154593292
0.08630206304446338
-0.14220810964858352
-0.19736288477660044
-1.0481547999027172
0.9190372992163266
-0.7893742769160552
0.7193841084005479
0.4649556067837472
-0.25855851579197214
0.17875323821113728
0.5429305877473468
1.468650674853147
0.6433622674516226
-2.11111821764295
0.07334492966070259
-1.4667302520760823
-0.4629202788898925
0.3325349030051723
-1.909630885032019
0.6018755930144248
0.6274081828938783
0.5196841803048157
0.11970080481716984
0.030474493870514457
0.41538880369020725
-0.7457065418133141
0.38875657093768307
0.8251912629160967
-1.1915897177096615
-1.783680232128365
-0.3165182940476804
-0.7798576176113261
0.06194861333659045
-0.5421981751676241
-1.3398714927575968
0.20672250484233795
-1.5867793510350547
-0.25713283342868953
1.0100583399542014
0.6998540917794979
0.36148951591984
-0.359453158277805
-1.448191277398775
-0.11626590320473457
0.8831374558531776
0.7556114012242884
-1.0107296353994686
-0.7204144631269024
0.853443911051309
-1.3733940123921597
-1.2840027786825994
-0.6218720339406398
0.4103935207397031
1.1405060925104917
0.3363556406182282
0.4069926120450397
0.20766401812274013
0.1210015888866937
-1.082526118668085
-0.1522351067998826
-0.7290891660760065
-0.13030201380484038
1.5575880802211735
0.10119729080247337
0.3043961622625138
0.42456340973769763
-1.1431433708729082
-0.6024084040970212
1.0969715031381848
-1.6508655210986358
0.6254638494082502
1.6660776802638206
0.8874040516200156
-0.6071819023181052
-0.6810596516543458
0.9135131929902981
-0.3271843493623928
-0.4117925137134647
0.7707170305352918
-0.05949202364734377
0.27890846259606594
-0.9588598416355436
-0.4978511931899407
0.4939355377661494
-2.1834589181772928
-0.3865418196974283
0.4478249860166327
-0.9147577046288765
1.6433875650605951
0.4360494539942448
1.6900722954760092
-0.2463102807529972
-0.8154918967894141
-0.7875520516934046
0.28114204326313713
0.7178880620290754
-0.5402803245104575
-0.8369787036967845
0.176824908824415
-1.2715414793611366
0.30305318897371974
0.33977632428282234
-0.11913433117080315
0.5399014195963984
0.10698785480006635
-0.8293989202517874
-0.06811443884378396
0.4899684926237823
-1.13760723547089
-1.670837880081529
0.9891296250586175
0.8137628520296678
-0.5857412650423452
0.45608041901244734
-1.6560375160226075
1.0968508259615952
2.1184861499138323
-0.5156283225462158
-0.4273935515761311
1.332256675562028
0.5642606513146052
-0.8465768798543973
-0.5847331762916053
-0.7074823307339594
1.9201533421690384
-0.12471874622436961
0.6732401373465933
1.0435392557840497
1.0689139300525423
-0.25478156586025386
0.6926986909350612
-0.0756146482324215
0.16952283349835537
-0.09418204530559614
0.44776223120564485
-0.0570741783650022
1.8655994361079848
0.29728477250633656
0.6610035696991844
0.6973193979763945
-0.049784736880031516
-1.241018702334763
0.8618814110523202
0.3711683655770135
0.5164039821540647
-1.2724469405110923
-0.6869133037327352
0.9085589355090243
-0.22497690548493895
0.5748085345193957
-0.5496292982737826
0.15498127055432523
1.220069952102102
0.03464562374390333
-0.869555719548487
0.2393163029484306
-0.7774467224202221
0.9307962940571577
0.3089923680291434
0.42771359210891885
0.9637057005355398
-1.874322356467774
-0.5231487982902489
0.6851282285479549
-0.9672177125136873
-0.7817667975417351
-0.668047039466999
0.6542104926303254
1.0669341930440845
-0.3159055788980378
-0.7159242402020785
-0.2625960882378056
1.4179997405900953
-0.32060680306389006
1.1311391236644432
-0.5493397135254371
-0.511336584902205
0.9629915622150045
0.40273651967485763
0.5038062117881543
0.01003008397528573
0.556303252164917
-0.5957795289875479
0.10546805461229922
-0.8350450898107885
-0.970558100744051
0.11959595856312909
-0.7956571073785987
-1.4781090521917044
-0.6383717708209988
1.0634568978783976
0.05500266530691998
0.08312060697779207
0.15731090102134662
0.1566231199718116
-0.05659924618776671
0.46448689239584584
0.3670116441965036
1.074310759854294
-0.019000254011785553
-0.9151066040640722
-1.2727196305321786
1.221668675632329
-0.8688584997504369
-0.2031011347489808
-1.038183183172642
-0.5923002031094243
0.8554729733641963
-0.7211826890105124
-0.4548808923535412
-0.40900257411356156
-0.5477038080846314
-0.1923448083648499
-1.2205066964578704
0.36057673087747366
0.5429214155818477
0.6337826875943908
-0.2683155930792861
-0.5087519576778727
-0.05426792254878026
0.13215454976808338
-0.5123780552574094
-0.14912870725574312
-1.188036640916749
-1.8223399706265246
-0.2820391820008182
0.19599181266504917
-1.2857300961341969
1.3923601776955727
0.07493906449510351
-0.3212577552643401
0.6202493074043531
-1.685273406741647
-1.0663720849784988
0.624516261980205
-0.1650622598788756
-0.22315650156315958
0.18572759079894471
-0.09927250505159212
-0.2653167790547719
0.8153792773264008
-0.19180927388130725
-1.087998707633202
1.627277641539757
0.46895466771502364
1.1433377309885182
0.6028328766253189
-0.6218181819569709
0.4575513028268482
-1.1072112247913388
-0.34399941848763316
1.3250130146294865
0.8071602543614089
-0.0786261246594003
0.1308967734192881
-0.1767182264339518
1.011713822062742
-1.1367054066666324
0.2649433910481067
0.5301848681011337
0.29187895474484826
0.7703872166789798
-0.0551035020561852
0.4039527804440875
0.17429197893584364
-0.8777016975490722
-0.4574597082097673
-0.9928961861925851
-0.9052535593289599
-0.9066130672215488
-0.6041665728198816
-1.835481535142962
0.5438373704430227
-0.09597727636314696
0.7298397288009572
1.8985850658182868
2.2340752275381544
-0.9025208358620528
-0.4936921584263362
-2.260158663058369
0.24121467311138636
0.12039038628834607
0.0981606775912695
1.5792726872239777
1.2086540813885291
-0.732634643250095
0.48535633761025837
-0.15872814113135647
-0.4981534258073072
0.8227004015486808
0.4201975530445599
0.6337269739983857
0.5365484335387384
-0.3455085671223011
0.0435619428305869
-1.056936486179654
-0.876957545851851
0.9579333159720295
-0.14870296436223226
-0.20574353410808707
1.3128314569011814
0.3243709215824719
0.9388969408414112
0.1794980740655544
0.6649418451839578
-0.27193172972578383
-0.1918125831659507
1.7739740153115018
-0.3578802315221974
-0.012521814444307878
0.8180667217522234
0.7745922062552358
0.44523326176456174
-1.6553347085102355
-0.6699113371436908
-1.3085321048048435
0.35886473501819127
0.3427825925100798
0.6536896212915696
0.336984192674322
-1.0235675532968262
-0.6361895339502519
2.0834762663747517
0.6395586678678233
0.08248924086610684
0.27621634329934824
-0.16125482361647914
0.39512777664596477
-1.2821434623021761
-0.8875420968101686
0.5740898844989034
-0.38230240565430573
0.0862238198467669
-0.478499497729345
1.0339537146201734
-0.4171561227007501
-0.02645265374315635
-0.5163469251613401
-1.1628478598025578
0.6434137224565056
-0.26074237111594306
-0.17649609986265202
1.9392125199351755
-1.0338843853045598
-0.2375509259346465
-0.7464055275336857
-0.8810685470873902
0.23890176982668876
-0.1925555903565152
-0.5042141509901336
-0.35302493720873845
-0.6470756627568706
0.10907160779976925
0.41773144845252036
1.2325806745576005
-1.544744408623528
-0.05963952384108171
0.7203680514996006
-0.2040017060874449
0.2626467493187679
-0.658963892166717
0.8867071093895794
1.0948382944250215
-1.0235969031033811
0.667008761376694
0.7361255298561056
-0.13909276626372388
-0.3651555269854734
1.5381105991987276
0.15178035534214643
-1.5945082502622543
-0.17156743520578377
-0.4317904119209203
-0.004043986617619682
0.7990364128783519
-1.2908140910788322
0.06997759532590034
0.7423025559451436
-0.8415344122392064
1.126911495499472
0.45006492635462203
-0.7547302018514863
0.10865328838377865
1.2725153955677644
0.7315132889295187
-0.08533846401750574
0.7439085425818699
-0.008444207620779756
-0.7957192948634382
-0.07711107288247404
-1.8128758204084576
-2.3915909528452146
-0.2227635686492138
0.3741730689318953
0.20123421091620922
0.04731100739094321
1.2594395071251296
-0.03133322394294992
0.34522979693423883
-1.489064770316978
1.3613295896198827
0.30585321132132715
-0.12147320635479035
0.20606680327700927
-0.566328353040012
0.7889276946683385
-0.9134748897965893
-0.4411954072955706
-0.7463154911093136
-0.47531477310652104
1.7126150310883572
1.1055032419823008
-0.8322379433127293
-0.33817031712153556
-0.5448532606305183
1.2675354962126426
1.2723131710358944
-0.7257515117794451
0.05115527657440272
-0.583957831841635
-1.5655531908120057
1.232353672985651
-0.7907010512378675
-1.178474008203539
0.4633924032407242
0.757400916805477
-0.11140177262142884
-0.56532035612865
0.4279547873586934
-2.3206238719338637
1.5705087078415216
-0.2871271320524241
-0.664435841636283
-0.13020979017645062
0.24119297139643767
-1.1741143156835543
0.4189679666969777
-0.07813892439075507
-0.42972353604164104
0.3054954301713559
0.49779485437369836
-0.33447872126174566
-0.1823846132019487
2.2657463195210945
1.9395174674018765
0.6189005710145691
0.45308281280565504
0.3120101704954955
0.1148437093541379
-0.9690968973701688
-0.20376960673636843
-1.1976288973026201
-1.0317866817332515
1.475293931537853
-1.6328818935060734
1.9258624384286687
0.3835117530765235
-1.0752855031015343
0.3095262237295577
-1.2678265008467522
-0.4614343353462073
0.23762246309190765
-0.06253768131304267
-0.30842108148924635
1.9543824896578639
0.7621965326503933
-0.42955265113975993
0.1661052388138557
0.5651050768236634
-0.410770434830111
-0.25676107547083254
-0.008399651724816555
-0.45933744524483117
-0.11253581479580613
2.0907784517095904
0.05391998447631949
-1.3232177344158562
-0.2115339922689984
-1.2721395021675022
-0.9410466176191895
0.6878314708198631
-1.3332760342025307
0.7051965030096631
1.1849632170188877
0.7445297369585699
1.5410685232500139
0.7757673767745713
-0.8979455299498851
0.22023940330796238
-0.7670989123725196
0.5317157216379605
0.22354591134576593
0.7951214308108927
0.6159765495725001
-1.3892986635072486
-1.2297059239888948
0.5632104297731669
0.7210499896984446
0.42651659484409643
-0.6295505331012766
0.6792796707101552
1.0678380777917278
-0.7921986868434767
-0.38274516848363493
0.5242287613919595
0.11475703745234632
0.9832753945737234
0.9899701493443196
-1.7064161255059898
0.4451603668204626
-0.9209260702845373
-0.19305230423610883
0.3035909936590355
0.648220191246231
-0.9502820113755075
-0.8335746476781601
0.23111027804756099
-0.584594816021104
-0.8071387829355825
1.3514456847058463
0.9006153640032746
0.38409135502141484
-0.49507953919892644
0.2675438375627466
1.1179779720639866
-0.25259772856098567
-0.03302077202803247
1.0362745781492642
0.2282398135945177
-1.2359662045967756
0.30649401045197244
0.23956831140029136
1.1163152339677922
1.1890765193165407
-1.613165710694641
0.1574861054745029
-0.034798302723358085
-2.8293142776289453
-0.7637718223519169
0.34700150087905157
-1.111060056172015
-0.6174992093393353
-0.6815053339662607
-0.7301042283926998
2.20962300472274
0.5095430576614105
1.0009854471795305
-0.38074072246033747
-1.5161517887812577
0.2805189342640119
-0.8352214677035894
1.2650736378968492
0.567672545732836
-1.3481311795718283
-0.7964260486726396
0.2662092755245049
0.25403176531261346
0.17085828765885475
0.46097070010883073
-0.31815218663560674
-0.18718293784563542
-1.456504511405863
-0.14413727546368674
-0.4536840501103617
-0.12576208104997988
1.344200240449479
-0.5523485137597524
-0.6375469003450681
1.6983423078196442
-1.6120839688642115
-0.788533623086662
2.5158263357861905
-1.056821778149022
0.697713918695533
0.9864789671479838
-0.4045331568896932
-1.065738277124779
-0.5995598857802845
0.168146683800648
-1.54980868758662
0.05990216625883322
0.3473669593345596
-0.5129687953211491
-0.36185805833727247
0.4786780598119225
-0.1649122541899516
-0.392997859208485
0.8300078210071689
1.5124041747201107
0.30055912584079714
-0.7340974624567195
-0.3067354139159785
0.42729050580491057
-0.326840369964052
0.3759926840975825
-2.1654988511810678
-1.130886189152783
0.0386626341171248
-0.5561654675131795
-1.4488885086594978
0.7959579815778193
1.69392623817294
-0.05163105129232982
0.14142405622708273
0.851528531552204
0.9885786913590089
-0.8321946948328042
-0.2814910472226461
-0.5795957356098032
0.7754808728976517
-2.0037729479545154
-1.7570445868682234
0.034898726034679
-1.5365345204628733
-1.8152794932510141
1.3157621685711955
0.6973754554601218
0.6800759088939035
0.8862813202168403
-0.5328514947136188
0.5035839355935392
-3.0334537448987478
-0.07188190691397599
1.036797459662662
-0.1615348112544545
0.002750295299702921
0.6840773546084239
1.4297198611683972
-0.7660208907684961
-0.23880467171621853
-0.7761731109170963
1.4655987510344617
1.4684033209428797
-0.3427939853014359
0.18774209684754928
0.6650067005314333
0.8477483771305081
-1.3906006991267288
0.8487094970317819
0.3129122430144193
-1.6049753401223876
-0.3185071648246991
-0.6082009268110519
0.5440873406427832
0.309949113891672
0.2671421790002896
-0.7065296639366593
-1.2570912614801812
0.41392093658407747
0.5790697472748033
-0.15509891329801498
2.223847592331523
1.1165330571751038
1.2438167425898934
1.5911478547793436
-0.6169910321694924
-1.2725998795880238
-0.14902074231662252
-0.22746316202392575
0.30507217554315186
0.7532721429734172
-1.3026833429355316
0.34512848405982754
0.5619758588410247
0.28231886834675135
-0.0550154756075422
0.9413640214584074
-1.4611633587560853
0.23325999334878467
0.29283751684884185
-0.1318283380251438
0.23566013948288886
0.2856168699554056
-0.4678217587127382
0.9404466436270847
1.1309673592215543
-0.31647263193213104
0.12862595868783525
1.0589468778518338
-0.37891537849302287
0.318395365464705
1.1730049032008338
-1.3714733610397427
-0.9692467041601509
-0.7632845877940958
-0.3002213254194684
0.6451544771565261
0.8749840228265271
-0.7863208398820508
-1.0652715059604003
-0.640103364028238
0.03486465217209063
-0.037233612775531943
0.8657276122707626
0.24512254326560962
-0.21089504133198797
0.09873005917214718
0.17156961037370483
0.9598852556525396
0.11951518504154605
-0.8747941572669046
-0.3305392996424019
-0.9789382121587861
1.3312523758915278
-0.667224588898386
-0.38343617961773646
0.653813278438075
0.8209120780134309
1.411109619791238
0.13901773077769358
-0.09868359661980212
2.424911920943866
-0.3525457052737066
-0.9218580636360213
0.042427079059340754
1.332224570137151
1.2968236882821407
-0.3996552840856583
0.2515087667076386
-0.029131811769076275
0.9202786879444302
0.34214966344838016
-0.9471072043908684
-0.21119717616424985
-0.533929388454064
-0.5914187731806746
-0.056293272538589276
-0.5436955470893182
0.40703206102311723
-0.19873357178289397
-1.3315036711860504
-1.4557833485673735
-0.7100285308140122
0.09322812745987738
0.4896769276393376
0.08538717302175837
-0.17450313274033022
0.6589428491380307
-0.30885427158262446
1.3191361037613203
1.3425834799577228
-1.2546950268533028
-0.4334519799924836
0.28073362758573506
0.6205783740687147
-1.0900185267902422
-0.3468995401463416
-0.024480261213408974
-0.6428784808150813
-0.851354658882006
0.5118409500555784
0.07406263296277286
0.4899603529891347
-0.12903900342516936
-1.0104116529250378
0.7001373056681023
-1.6246355801921974
-0.8471949748570595
0.790959758876354
0.7683868677002205
0.17431649931162274
-0.6298132710077252
-0.7741289283030444
-0.6318270982997319
1.3955685915902252
-0.057591455847116085
-2.1913261076599797
0.24376421421415925
0.2764040107281633
1.496997203286137
1.999681671512124
1.330586852120162
-1.8005937564662835
-1.347196244725661
-1.4764005095754396
0.9349977103747892
1.1225366048858532
-0.2904008344041606
1.3146838827563003
-0.03676481229015707
-0.9977577087270612
1.1635135462476935
0.4363530846941303
0.5584698622637184
-0.6631890590680426
-0.937855778431764
-0.8118844317853303
0.7574407659371944
0.9183421293066247
-0.7500806849418646
1.1929758497155882
0.30774105450510014
-0.6734587598889644
-0.3511117625702032
0.6400235425724635
-2.271312654894863
0.011135054841189294
0.8271079169746172
-0.3710659052290794
-1.325619874129485
-0.8567096732318603
-1.0423078111086044
2.0843405366159145
-0.48428965591291134
0.1403190757958167
-0.32616749739100825
-1.8731989562346543
-0.6659980844133464
-0.04227050683035727
-0.17392453221613774
-0.5212919593639899
-1.3561362554667402
-0.2848930909910513
1.2710022747027343
0.32509616862927826
-1.591696491418651
1.81019516113389
0.5044519153562388
-0.7436930755826814
0.22303641406481048
-0.34348871681078025
-1.0769931144151517
0.8347515764081351
0.3717197443690577
0.902341317815996
0.6149904272509914
0.35080440480329117
1.5915230058000795
0.507183680501024
-0.6281492425007296
-0.8452322882721166
-0.6758574887381749
0.47648008651484924
-0.4713595818589717
-0.42162784087666805
0.21102342735861462
0.48344915562190405
-0.1196653598487177
0.29989089764914423
-1.2436856320162073
0.1614769111952803
-1.0590668679561865
-0.13006894297256336
1.400324071869002
-1.1465369969181003
-1.3257527538457794
-0.3435951060815267
-0.6828221444101765
0.5334840268111722
1.695668706268769
-1.1737317315767362
1.108822977015447
2.5630274297581743
-1.392102556785384
-0.02124629196408224
-0.6542847970114106
0.8455056192788033
-0.9088452491077288
0.3273480156855519
-0.3369296420930888
0.47424814673053306
0.30713787493331046
-1.3742610002718492
-1.236238133796179
-0.03206752724882887
2.0657706122117947
0.29232518225048026
-0.4616845408863538
0.5619381504141984
0.13471664866997463
-0.5199052110743775
-0.5519182871074959
0.5587052327758281
-1.2242046824473722
-0.38121660330969576
-1.4262226702240073
0.13631366139878373
-0.03607136784623206
-0.9136146044982304
1.5475758258612893
-0.884407220894092
-0.45962344735287414
0.7525186937607892
0.5471479706462691
0.9320365543454937
-0.583338403259068
0.4220532745842072
-0.8477709433504852
0.05303274915529645
0.23198459000552046
1.1062110254163444
-0.09770654358419954
-0.32429497958634745
-0.25976440965242503
0.2874114409401426
0.7080853629923008
-0.01070608079776043
1.3156559976470636
1.6851281147146542
-1.2513729407811145
-0.11692674382543698
0.6256894807150503
1.4130275332595803
0.57656178712311
-0.9724159417009476
1.276223354646166
0.017360847565362644
-1.1146922693151369
-0.10255576262040036
0.3502832046324156
1.3327377887883782
-0.9947943824472643
-1.4554379191238045
-0.08691733287355934
-1.382888194899982
-0.9119933098338195
-0.6060620647186826
-0.2646523555355406
0.7212812116042399
-0.2567605375004744
1.0974663848163575
-0.5114561421252536
-0.8798647951410503
0.038743696349771845
-1.04082965882402
0.9209816854763356
1.1878722815541847
0.4275143106286991
0.7851372386888255
0.1632568205756101
-0.4672015247313904
-0.0683913161542031
-0.9534313849307531
0.5183024695709956
0.523781428911359
-0.9365696545272585
0.6489313708537753
-1.9982100651517918
-1.0965292196570215
1.3540771600018884
2.136410660443898
0.9397023125286632
0.7138574539087764
-0.522173220086849
-1.4102184618200084
0.04129991866722954
-1.2216097290201007
-0.02534775601582587
1.9203507696682927
0.20819867173988144
0.9889553221519513
0.19137329516990337
-0.6121114342524507
-1.1453694400893422
-2.0336636081579442
-0.2896500183737104
0.27541433153988804
0.2963866822971629
1.2223005295455953
-0.0551097560156227
0.2292544571969193
-0.7250921172225115
-0.8179893817004376
0.4533233172982531
-1.0200444078475488
-0.22896936918877234
1.0872364278051334
0.6074659311291398
2.122732739485278
0.32686010342551974
0.4351506288805339
-0.9379556415639752
-0.9399715332211973
0.35472748196647463
-1.0491513508808086
0.18322019871324371
-0.17887082244182023
0.6492737993731497
2.102546420965587
1.0300094003006317
0.007688188984690459
-1.2666772465988114
1.849545397919255
-1.0070621830688329
-0.5964325677230361
-0.25119758423791444
-0.6290531995766561
-1.7260515530668676
0.19403117786534854
-0.1293837995235177
-0.2503646143495491
1.2848909057483064
-0.7998366733578443
1.2206341858146825
1.023481285739189
-0.8967885564460287
0.32196193494866243
-0.7903808896324677
-0.7727582249588953
-0.6808526317225957
-1.2466464120878313
1.7270540533387229
-0.9683998222292012
0.5539594669982018
0.3563379062879856
-0.06980868373638581
1.8191266506493236
-0.6451830006720596
-0.7555554913409234
-0.5212937190256945
0.9259718281559131
0.41496088581754
-1.6182459817526755
1.3659998931970625
1.130901877093442
-0.052025135427574226
-0.24821055558800525
0.8741363240606513
-0.6242700056789388
0.3142956463141264
0.22614627299135168
-1.1155226547348345
0.5737408125359763
-1.5011181478949644
0.9295940833019799
1.5360459152514776
-1.4086275316096026
-0.10879379922803109
-0.10407260345212245
0.3576704512678643
-0.5652777087932332
-0.9657139810802969
2.101274505655949
-0.5805183611337386
0.37810456242037505
1.041472271551946
-0.8304437659116586
-0.6196245747741215
-0.8328456372190504
-0.9008308075861482
-0.40392402380159176
-0.9708473429656668
-1.1506931649138745
-1.2023863940491815
0.023172395926649943
0.416743296418792
3.1283518380204813
0.17282976302497657
-0.13497781908121728
0.6796063187743082
-1.0489592429993568
-0.37825975079070845
-0.34200826879817514
1.7191835611953417
0.3457540146773389
-1.51299768640113
0.20269662480258988
0.6522084829320107
-0.023890830576089858
0.5558102394970996
-2.192573174612536
-1.1830210613522807
0.19443565206664698
-1.2679302405421458
-0.026187472538353244
1.1065450992884915
2.00232541905799
-0.17889719504780371
0.09924182225825154
2.073515004122452
0.22909067525881277
-0.8495731360618932
-1.062664942706284
-1.4981068539503946
0.011482799459769027
-0.5371892022938252
-1.4651206195225595
-0.08175234831944955
0.5002529766789818
-1.519199566258894
-0.6868304922336196
-0.5006742851692991
-0.27175381132419213
0.5033449054390462
-0.44199170002218063
0.7658639893771155
1.062046651220459
-0.5816521653367869
-0.5750260306296326
-0.5028468768723409
-1.5718754021804555
-1.5255727801529195
-0.8103456909004851
0.9586312656727493
0.8313031863480398
-0.7100934395331414
0.30026567811086735
-0.61002313186831
-0.5895158638581968
0.5236748119639846
-0.9680432875954551
0.5336331652287858
0.49712162041872815
-1.501757385726837
-0.22905953190122172
-0.3590665999607696
-0.29105043213377885
0.5704485547569814
0.14555248906395168
-0.10948125679809906
-0.6765966627450247
0.3374088704851254
-1.62133476083661
0.6532799389497689
0.30527556648797893
-0.1762308469728825
1.671402586474263
-0.7619084743000057
0.044647794876983074
-1.8932160104171016
-0.61017893986068
1.206996995772713
-1.323819037481607
-0.35250096285711247
0.31848141213609954
0.37780536172170004
0.021175489588206975
-1.507911803884693
0.030132670925559758
0.9163006327097577
0.6871639107719197
-0.3897980956544716
-0.1351990595040069
0.9665687683678958
0.22002254125477
0.039183556427093674
2.067599738845635
0.30132743653210864
0.5051846239317921
1.9600674042968411
-0.8503258817530763
-1.1119756860480476
0.6649995581913556
-1.3271744227024744
-0.8480618606453784
-0.2545891831919396
0.2717043726752311
0.005438550483736787
-0.5941329602108475
0.5951247339377824
0.442775881531858
-1.154473394038889
-1.6629731645137915
1.9603628293564865
0.15938234551668595
-0.628453620713667
0.08801932207790517
-0.3969705061386483
2.6698256668679785
-1.077940018026984
0.44172267733282716
2.202531274092178
-0.5755092052922289
-1.5380762497738476
0.6447379584056302
0.8091428878304663
0.01996365269512589
-0.2992283520927336
-0.43093449109153953
0.7250013709516151
-0.02458772015588543
0.029405866442102996
0.7975948246736287
1.1915942043124295
0.7717316915237332
0.5706863247874301
0.5126194875362505
1.425088392737434
0.6126610896620258
-0.6366574258306046
-0.15243681846155174
-0.4694359616522961
0.13271363555858015
-1.2701610142768465
1.4023978529472754
0.05062999665017105
-0.531188118753313
0.6946805018333544
0.8926726274654242
0.9430110848615487
0.07549502234001498
-0.864821435936156
1.8408868722091138
-0.23095586277781832
0.5658497709594603
1.1126155023910744
-1.0032024422506258
0.8552756114743633
1.263051879466801
-1.0042368749506991
2.030508495671109
0.19867145156118576
-0.3131174101050306
1.3239631239758498
0.8166750770496516
0.12042257612195593
-1.9381827640633151
0.21693063747811525
-0.13248590363011237
-2.1487491270460946
0.7282323512228879
0.6082524502529415
0.8303505823810445
-0.5216450090895026
-0.2761701515529644
-1.241683239646812
0.05762209019136236
1.349026681296983
0.6740963282048953
-0.9150852403659651
-0.7960465968343828
1.1806414596294925
0.008386950515583691
-0.19939730667324715
1.1084913060241777
-1.2561607411485365
0.35012071503672393
1.4823771863047512
-0.9342919431509997
-1.1290668893473623
1.4350967972638133
-0.13672008596904334
0.21258822273689504
-0.9946979563614401
0.2572543167970236
-0.17878771989199932
-1.426346961328605
-0.8341657382090938
0.6362082004486865
-1.2533669152386344
-1.2967329030705521
1.5358959501706273
1.8863972022569344
-0.3919213132337543
2.190168634352549
0.9995769771903279
-0.5914529685898883
1.0421685102299645
-2.2631275011416476
2.128170852565237
0.4632959796203423
-1.5244765812000032
0.2814692974882942
-0.7391656646193709
0.23941528980913027
-0.24441645387156785
-0.6995876861337018
-1.0827242481369237
0.8421860827500693
0.24503396658317594
-0.4590975155646542
1.0613038895221574
0.3968778440800065
0.18878961758491603
-0.9912234194587095
-0.7823803505936562
-0.5820035806082573
-0.5784264622025742
0.6412728646678273
-0.5009136144998919
-0.5408822038298103
1.2761850063888016
0.18779312597491382
0.573309238937243
-0.06610124980574643
-1.617341521963698
1.8276500963853457
-1.0458047900828438
-2.318977816638869
0.055275398164922884
0.7520872315092403
0.8675470240447508
1.1238578605552032
0.23540115825695324
0.5074859264958822
-0.4422604055848576
-0.3371257201226284
-0.5503012198113046
-0.3595790745161313
-0.9046531271949825
1.531360331117692
-0.47017414790699247
-2.3783424729496585
0.6634522571753183
-0.4040066195331049
-1.7553927212460003
0.3948555090057292
-0.0960155037496358
0.9342153557920038
0.4870311956746868
-1.4804455285430802
1.8652611366330054
-0.2058558165449843
-0.5613402258250733
0.023648187852966993
0.36852015802316684
-0.7963944998573557
-1.0926160248390593
0.953582644990649
0.014663565439129306
0.6211299527030876
1.1040499743491408
0.27320871111317113
-1.370526375937272
-0.8021886616125726
0.0869420443111463
0.36381006277066236
1.0935296702885313
-0.20891108891459004
-0.9363992771320905
-0.5725475231632531
-1.342888766239985
-0.3299883438355707
0.21922991870679823
1.1910395819685737
-1.8177569241176643
0.09263231975770907
1.4430746454604566
-0.07605153664002785
0.44249447868382463
2.08698125810496
-0.9463140070286686
1.5286675058427097
0.3985138025333968
-0.058585027210588246
0.36676960769617606
-0.7359252034804968
-0.24036699449381213
0.02163220366725476
-0.07565172868145517
0.2606590102511379
-1.1893349755762939
-0.021583846153017255
1.4011189069497596
0.29996202205596545
-1.0754461003038855
-0.5519679688170588
0.3149322870952318
-0.9866284638086773
-0.3522358713550649
0.6934410704590738
0.7865852676118795
0.4497547517155639
-0.06620555513521102
-0.7864556844613897
-1.2933106020835525
-0.9611050395825367
0.14321295585376537
0.08872464646596251
-0.04216329080280312
0.33846836142256626
-0.11764955905113171
-0.8012275784282173
-0.1478037055218526
1.097168269245425
0.5770949691470073
-0.2382066912763379
0.16941428202543168
1.9384851211760936
-1.2480075017813816
-1.0039582661811977
0.3699273604305851
-0.3211633663263096
0.4281707729150279
-0.17202131447025548
-1.7177488737699464
-0.20079459941883115
-0.699453550706034
0.3085422399975072
-1.8823411580646825
-1.0724385422789435
1.266506363007129
-0.23394483986990064
-0.8441492148338423
0.003812983938882887
0.02301932400213669
0.27051225251709216
-0.22468121560533794
-0.4629240270813405
1.8144750845801718
0.4994421584375121
-0.18020894380024835
0.4078028833129357
0.9662346909866442
0.47920504605279673
-1.5856467733032233
-1.0957962284954605
0.7261003578783866
0.6772423301330738
-1.0626640301362427
-0.6179635134110752
0.9554273547055065
-0.29337066159592934
-0.8867990334895144
0.8953452810163273
0.7129451976421239
0.34375765903231364
1.2344975120917865
2.3799969032037205
-0.4011461580364286
-1.718681696202161
0.3625460375542887
-0.11758208365164172
-2.0790624211153497
1.0383309241337746
0.48027290105774784
-1.3250365793312637
-0.5717916518517838
0.7467798346285173
2.232797333668264
0.2805677024586924
-0.25057042640059346
0.247529310787655
-0.5130675208099535
-0.19396980178187473
0.7923266939147051
0.525667737627163
-3.092974142821721
0.4838569194935598
0.7186870786708668
-1.3844192670521298
1.2591921381057802
0.06769957369676464
0.20246618886325543
-1.3292299835866845
1.7336569134616668
0.19451156237088207
-0.31048864652483205
0.06554886272702953
-0.3320218102247244
0.3998946191663921
-0.13083405882817262
-0.36276687028375154
1.75853991081179
0.7913733173658299
0.48602083112716343
-0.8327571567696932
0.6872813355516061
0.457815029449587
-2.493259487176495
-0.21279792397461084
0.9019448506834639
1.127588123433532
0.6317248484919088
1.5900896883413116
1.4294521140359122
-0.5748292151438374
-0.4803732027855562
-0.8283814459704014
-0.6865074133786113
-0.16864401586518726
0.11162153243393447
0.7530545423955947
-0.9964111856337969
1.0591522834020248
0.4597676167582663
-2.435148325101784
-0.03752106016321602
-0.4551956716088499
2.4535741172319194
-0.28734969947156624
1.3698873886517198
1.3628314081391448
-0.9765058695340509
1.3573858274164567
-1.6184272913525626
-1.6407040506800612
1.1721715956444911
-1.5951908548716898
-1.0582452319644429
-0.9781245178688495
0.14828810174117896
-0.26204268950967113
0.9232660456480936
-0.01729624363073657
0.3251507362020974
0.5735151107615981
-1.1987525690698169
-0.7913296121320765
0.8188209404051254
-0.09555065628799118
-1.2702260828982843
0.7979344387955997
0.5906074985321439
-0.9280046765466918
1.1807197466705783
0.6034156315338344
-0.11509736709634706
0.013312374182942822
-0.7150866411387702
0.3352255672450817
0.09710457575422107
-1.6984654622090258
-1.694609895645063
1.0319079183837596
-0.3854179852557059
0.502366152568438
0.1363480720194412
1.5329064480060086
-1.0312797600779506
0.7765631437379652
0.38671619077594477
-1.6134474304392068
-1.2600614731720503
0.8718180875127107
0.23667768127312538
-0.25516053221009244
0.5058728822820063
-0.19316259889520007
0.18877691701033641
-0.6230048352536425
-1.2831313478019997
-0.011949465351639783
-1.5536415909715282
-0.18936246597554904
0.014105646520009436
-0.9003925225653212
0.403736928885926
0.36511657220356497
0.968693245423038
0.4047690361502336
-0.20615855394814805
-1.4460265305107132
-0.05841313257496328
-0.9438071397219044
0.10158583294702692
1.4783320309958776
-1.0705216237400756
-0.6199011714074034
0.5452962676127043
-0.1411348974557669
1.1957786412933902
0.5092745199493856
-1.4580876494674135
0.6171234614046591
-2.001105796860468
-0.5696058598107181
0.9105993242214454
-0.5449747474922426
-0.5500139464164091
-0.07149402267670117
-0.6516189405571072
1.8590014550611285
0.046013261259716054
-0.31824595954898854
0.19603858492668244
-0.8486246836043524
0.71406524566304
0.6316538670424361
-1.6522581223177868
1.205328030974981
0.20461795582556935
-0.17858169688537898
0.6821207597973843
-1.6199557181282156
2.9530547473663495
-0.9403174477976142
0.6681614374828164
1.307861466331892
-2.07355872017228
1.6322618382214122
1.200581024933058
1.146103461926773
1.6578075031019193
-0.8256078947496625
1.976609298327278
-0.782466705066684
-0.004241606733600568
1.870676490219689
-1.0811174271375137
-0.14629551862981294
0.6294289790484581
-0.251779128011825
0.1848451723796993
0.48693380657918955
0.673645668229073
-0.19567096939998135
-0.5573978339879317
0.4601083783280698
-0.8393691275182547
-0.9283164810714485
-0.27851704842415537
-0.2874526594697844
0.8747684593194098
0.23823135856188285
-0.9368732036766468
1.5586787948089749
1.3449303804546622
-0.28511433260410274
1.5913199246884568
-1.4210647655388111
-0.014156310522017322
0.5392575005296977
0.00688313888754967
0.1153130931762775
1.3073832965808851
-0.964256774766064
-0.30850738662517846
0.8012446265931954
-1.9045881298141658
0.15999732345318432
0.921474705142131
-0.7999377837491886
0.634825294943157
-0.38039414991264675
0.8594635846108373
0.921353487173206
-1.2454772147249917
1.2584519740502402
0.3883440461224202
2.280037644096457
-0.35085022690314677
-1.6932568738327256
1.32619807753004
-0.0687112196907769
-0.8885397641839632
-0.24431640095750234
1.411841159774298
0.18263313968500858
-0.32603282926385424
0.4149810181526457
-2.4475440057416993
0.16589794590077117
0.735632629735481
-0.41736629462516767
0.23943909274527628
0.015865584939571083
-0.7380356192992328
-0.6230264449506572
2.523147807438321
1.347078833444013
-0.15724584691475207
0.7175507990265703
0.7208108433184218
-0.49660920015807153
-2.348361176435684
-0.23239897408553606
-0.44392526989813064
1.1762158798912972
-0.7197038971936586
-0.27251875830740585
0.5376231379367702
-1.068706469230401
0.8481017342625187
-0.05476881190240426
-1.0816945682452186
-0.19761205700423315
0.18592774595661926
-1.526112153575386
0.5144764752513339
-0.7151603353655572
1.5780443226008063
0.9229083736313711
-0.8173177059490765
0.42806399909629234
-0.6047989226464788
-1.5578791993142371
-0.9073489559831887
-0.2751296459415492
0.08359608743653645
-2.1948386178193267
1.3309998962356935
-1.0340566476574828
-1.9189967067166698
-0.9729837289701782
-0.7990311570716435
-0.3012122620707865
0.20235768477786972
-1.3566001698764185
0.08880324353062685
2.0816932399521573
0.46499912210518085
-1.3877030028563042
-0.8548710292377757
0.8519929686453288
0.4580652746986578
1.2186857741993125
0.1128213553614005
-0.31603914985948284
-0.1286641338784364
0.45865456476221833
-0.7615843455057998
-1.5515545841569507
0.3652809374585893
0.3380591156272287
0.08569172617350072
-1.890074523942818
0.14906990808901782
0.45112039321029695
-0.3405246741278193
-0.7460254967335878
0.5323430088066046
0.29676490034184155
-0.1822391237991707
0.2947632432550455
0.03787382494091623
1.6701176110855807
0.09642282304746416
-1.125461744078958
0.9255248488264748
-0.5719267034948126
-0.17027867389202841
-0.31540750296895964
-0.12183091718662704
0.3887586531346908
-0.12969779691510275
-0.2954345689297599
-0.7544051139891804
-0.8054164085007816
0.8585052007105811
-1.7042958983718814
-0.13242204076422798
0.7481551117215282
0.016874710079079223
0.17201007724671158
1.0899758430285351
1.0465612592720224
0.03649499685214871
1.4354064652837066
0.36754955679851886
-0.5784002966121051
-0.9202887122111333
-0.21459535274237027
-1.0327687081094026
0.5030387860243596
0.6847003267619468
-0.2607631109679612
-0.060530266779659184
-1.3606022121833363
-0.9604722708591499
-0.9239905593543069
-1.0423109813079914
1.0393496697966476
1.5049498844981752
0.3054029613328342
-0.5180210177607244
0.5141155471949508
0.24557875504119694
-1.4715399622684104
1.1462413207879572
1.5789510427067466
0.5103830373690901
0.5975413535192111
1.1325178151229582
-0.3459935177206003
-0.6710743068721974
-1.7341931539012212
-0.5505289898995478
-1.4207083593128786
-0.9452239331429095
1.8502323294756886
-0.025825220496324245
-0.9958194507204082
1.2819570993614864
0.6558046185932497
0.0356581261612554
0.1150680666168686
1.8797971433034792
1.1636392092277843
0.7170946451905821
0.055305214092030694
0.536476619344837
0.4990651613280828
-1.0616973549992026
-0.4095603951408236
-0.4035300358445691
0.3692239339341642
2.0610988909489945
-1.0305053655590444
0.15971451188639
-0.6091274573286847
-1.9951833640449306
-0.004847905978437936
-0.23269497864476962
-0.5509672124156725
0.9142629390615736
1.4656700414440222
-1.3898277758359934
-1.037251405439718
-0.0742113656980817
0.2287506013502498
0.6376830035162888
-1.2089229427549
-0.7868223090655297
1.1198189275264057
1.346407356190522
-0.6414064321409614
-0.8005046194512478
0.16381186703223183
-1.383426162517996
-0.3555472190182338
0.673607849069086
0.7797420260647429
-1.7210854460073557
0.5932237312048574
0.8814962182127213
-2.038078426125416
-0.06486697669730118
0.3454547356350338
2.0497263852857355
-0.627944432319408
-2.031375017132772
0.7223517398503522
0.1177925211857454
0.4327904322335367
1.155522946381109
-0.05819043507096296
-0.10890903093361917
0.23542567452598706
0.25638192141599897
-1.0563091967914067
0.9426936981623442
-1.1510450397263816
-2.0059180545424766
0.29794622212837313
1.160798806946103
-1.0787348692594796
-0.7288006142190698
1.9569400083927542
-0.12580081705014912
1.2739943202295967
0.770893718689885
-1.0940803930831404
-0.6603250153016158
1.0995736512743903
0.2706357448487159
0.651113819993418
-0.3643868864434959
-0.2529744846970779
-0.8213500359341391
0.9557024214065218
1.235335203595649
-0.14486825867727327
-0.698387499828525
-1.1122398569448448
0.8386012044622758
-0.4811921531697922
-0.49995179008112683
0.3427503934836649
-0.440370533465115
-0.6986709360921445
-1.399736509828107
0.8242718516458046
1.6341586517202424
-0.026881280229194573
-0.9074138397593625
1.9685763162181467
-1.2463577016004472
-0.6275334183291288
-0.4297129247294897
-1.7255530804182946
0.9002371848352113
-0.20859106460725704
0.11288608846803522
-0.11140154104636502
0.043425723911431874
-1.457845526085751
0.6001566075475027
0.3155271401501901
-0.819630622447143
0.3649508789944979
0.4345602638568175
0.11065922468938756
0.38573281862636394
-0.5587875565169415
-0.4803250314253915
0.7389120065569399
-1.141412831861769
1.1027090138743136
0.41541201568200337
-0.21004104706818133
0.8553912147598619
1.8707016679066348
0.8345686037561019
0.04589562938060269
-0.8620177200243467
0.011164285458957156
-1.3974962601260874
-0.47559322172883245
0.2334345039241818
1.438244162240691
1.9960948736283075
0.1668657106540347
1.043502374514134
-0.049037173528409604
-1.1942411784116316
0.4739526133994662
1.9932481631595178
-0.12560185822373807
-0.5802757840170378
-1.1511069115498858
-0.8954960637370025
-1.0122556406260448
-1.1975785061094695
1.0091844864373007
1.624411527322112
-1.4375376489561211
-0.012079617992736108
-0.9073988679290783
0.11172538008686625
0.4764064716763548
0.6969320778624144
0.4313726479043757
-0.3471151318210258
-0.2676971480253383
0.39286169853079334
-0.06294355218104622
0.5608632927669649
-0.4778332413007277
0.3864865783456767
-0.45776028445717415
0.43132139464895025
-0.45492184915863965
-1.423921714577232
-1.627152989804396
-1.3808987879094765
-0.5724667162293412
1.602399160033257
-0.3266686029279438
1.0477843285338526
0.8276463870208273
-1.6813072229138413
0.06427889156262497
0.3747328227204809
-0.8577652850026158
-0.890383657832589
1.2816316461615944
-0.08291898973306781
-2.334903924770434
0.6567463092456847
-0.4142495365347877
-1.3021767348801037
-0.8983889961395121
-0.2522354484861245
1.1933464191574839
-0.5720380981629768
0.287583116277986
1.4429168389163751
0.5515105935160298
0.605671719660452
-0.015205061026264871
0.41966978818990835
1.9943754937878495
-0.6982737706578453
-0.10228014811885289
-0.42400838971268595
-0.708397761472909
0.4792980369702851
-0.33466045024318936
0.9594463260870812
0.38614860924440547
-0.4448981997723863
-0.27959256828935747
-0.3186476522252931
0.5281828343155137
0.8254303048686158
-0.9756123923237721
0.5308723854463795
1.159353653577027
-1.2362545933399833
0.7281406238733704
0.3438751541976187
-1.767367432227992
-0.6472822127444596
0.5125385676806447
-1.4100948659717396
-0.024442744110577213
0.5667785951794744
-0.39855336168763694
0.36320995561276725
-1.6532098243989557
-0.8619969046492401
0.5348232531347927
-0.3299917434760408
-0.3868342405034031
0.5322689467270396
1.0736652077857214
-1.3611713987606386
-0.7645247951084782
-0.6025739345489388
-0.18687027111987334
0.6382503061179428
-0.075744856005427
1.0535253978071981
-0.6345538121577492
-0.5437693927504893
-0.5180483918078093
-0.710136586001845
1.3751599446676455
0.23718470214012857
1.2733054312578336
0.07211232268013101
-0.13497206905239323
-0.33574981201933457
-2.424008719802989
0.8114612535200195
-0.4503250140006019
-0.4628831181293848
1.3470592296434667
-0.5777025242755935
-0.36811716279021484
0.34331694565434495
0.7528480780760598
0.3575795197382662
0.10783123104520548
0.19355147880659587
-1.1103850946155043
1.6293662396638677
0.17116843438884374
1.4861897454772794
-0.4217605511490988
0.20445307740462096
1.7870094577350135
-1.250116917845483
-0.9300356000763171
0.30065717932333047
-2.1394343337946515
0.7347327743171213
1.1303490118421937
-1.6274409310779734
0.38261526584590766
1.5737769059490236
-0.1378087860503395
0.5933151668810216
0.09611146265458774
-0.06845766036811494
1.0636787097120142
-0.664232059635294
-1.0186276726251853
-0.8003640551343048
0.4083612278342674
0.3589113869377811
1.0441279460502537
2.9418268478974516
-1.2692324214493207
-0.9805820050252652
-1.731130337656224
0.19420900784578862
1.6358279216321157
-0.9283995306728702
-0.13577680851147084
-0.6176360519563219
0.46267688800684603
-0.13702579241761606
-0.14505546768982477
1.5341530057238435
0.3629173533180013
0.5419133731315637
-0.17380895582494907
0.08064844111354853
-1.4023773158986876
-1.1530321942907857
-0.3565971269459279
0.054470965884628415
-0.3376422527495639
0.6648626228444763
0.4403067341568767
-1.0389923191594819
0.018967484594059496
0.3115622594684162
-0.25965893809816254
-0.04000611332817747
-0.11256050387652308
1.8421605351818247
0.5091512922192887
-0.058103461986028275
-1.7950101776139336
0.24244978726846797
1.7493642617336227
0.002572792639928338
-1.11825668007953
-0.06434578956519164
-1.165857530304733
0.19884717296965446
0.6994275354633172
1.2643599289711087
-0.8295656077636926
0.5660167247164553
-0.3803920903809204
1.3302529646887615
0.7214963712087321
-1.1873564403430459
-0.9669219399964808
-1.1188630172126268
0.7558888514873872
0.2490819437317308
0.19441694162317405
-1.6410742794964523
1.4578306036843705
2.4508606165050235
0.17022148652178515
-0.1277482052115682
-0.5552618788533155
0.05416792766949188
0.0032605109457724962
-2.095512060113244
-1.08641287791476
-0.39315467708846247
0.5249906862241885
0.6463493745172754
0.9041542604981242
-0.5662407660897127
0.12323373106493517
1.5918265573675738
-2.0778361151422002
-1.0342465256095863
0.5858208990443461
-0.7644887875504727
0.02258476720148222
0.11591591419552315
0.45709684114953075
-0.30314974634737446
-0.5261552036030566
0.9065041723845956
0.5335947264484905
-1.1938753426602406
-0.6100557871196559
-0.7284264948246397
0.9935080001913762
1.2522784354999146
1.0279668285651722
-0.08352569348296676
0.01070061769142266
-0.1403611989970868
-0.7563241088552564
0.24058178731561503
0.755897234999148
-1.3221966377961203
-0.6931475849105703
-1.4033027339912645
1.6398840924784146
1.9370675559859747
-1.7504079623865605
-0.37675832601250314
1.0565588899374891
-0.5833752223397612
-0.4597018136137737
-0.7551912125408946
0.5977259598200194
-0.7403596412613166
-0.5293613402676552
-0.4398087977751753
1.3915087189318909
1.3449036097553662
-1.4270036769609071
1.9686979578232926
0.7706684150280636
-0.31008104274156856
0.20326085806096036
-1.1216171727929778
0.8182973501425526
1.3415577173330628
-0.6900043213540146
0.19069567877676652
0.20424115892367736
-1.2328878437419577
-1.3634019834843165
1.912713673559513
0.033477074895410554
-0.21046367458622678
0.07428630512440562
-0.8201621320634712
0.17019264177732024
-0.17566474976052507
0.15530951827913117
-0.19967082592579705
-1.5944848392717448
-1.645433349760536
-0.5935347420547631
0.2501671347618213
0.4124360768726702
1.1028952513132957
0.022555434654282704
0.10901623759528106
-0.3913744470414093
-0.11679261365751822
0.25790972881205537
0.6278702720991598
-0.20788400299222395
-1.0100398926351555
1.0384177000535044
0.3869913697539084
0.7654516244892329
0.0900141794263763
-0.6494873555487346
0.3813747719716308
-0.008267762519170687
-0.6982783560075313
0.3993300833565332
1.3239542248190022
-0.2760783127710059
0.7085340251463487
-0.09605225017256934
-1.5790815456405265
0.9197794725587443
-1.0367950257737066
-0.5189704718425718
0.37489767778702704
-0.2681926530288734
2.0755551620102675
1.0081168750969
0.3474145159658351
0.04372448428926437
-1.0964319637897326
1.0245815658470232
-0.022741153597626504
-1.5563089348694763
1.31019669279573
1.1460937183071807
-0.4168849108975093
0.08624589168997684
0.7463678293475279
0.9821291608261657
-0.15066115807247418
-0.052533415378344106
-0.5082240087241919
-1.1378448811249022
-0.9270516067478712
-0.33680813106460944
-0.8695245782960694
0.2653736173343403
0.55978489140724
0.16086126291809616
0.4099666586822313
0.7810734009686388
-0.3479219267856128
1.408670739432249
-0.06673292253539193
-2.897171877062137
0.9964137640254774
0.41896896811954804
-0.17253526448235848
-0.07751006239726496
-0.05137812169348189
0.6187255365013258
-1.0641003816416845
-0.9135597994837077
-0.9516116108913795
0.2315477015417614
0.10878594016386046
-0.875932999409762
0.6685656895004525
0.48520802784767075
-0.9610621000498071
-0.6309343427172144
-0.161487810787998
0.3680922371678821
0.7435430736568709
-1.4971214736780534
-1.4983325688467335
0.061893162340936905
0.018155762174634705
1.077090466042969
-1.26414615456556
-0.08482274692724519
-0.4460435592251461
-0.02277862560399356
0.10829243977691722
0.040445563465526975
-0.48599895015660854
0.10799865566299154
0.8896490435896326
0.930857650990989
-1.6740716424337883
0.8466338596844236
2.804373336378995
-0.21171533388150823
0.9459570751738074
-0.14469931548949264
-1.4497779898120216
-2.0345603765732903
0.2008405320996155
0.38696892810129974
0.9090213094577504
0.28989144590494437
-0.4106240731488457
0.5198620757274749
-1.1234003594330397
0.580109606748955
-0.6119458471539613
-0.03509590687287346
-0.5406191197430328
-0.9127144118865851
0.7286892632678109
-0.5069832350215705
-0.42036467605739003
0.3827914470921251
1.582300774312922
0.021411608431529176
0.013027319041356856
2.3299368390415798
-1.4802878052430866
-1.5263485374732713
-0.510270125408908
-1.5206638303263456
0.7661243759737255
0.9213361821362861
-0.676225801802115
-1.1024001337336011
-1.837502400236953
0.05974902517856658
0.16123396975803628
-2.6509858701454405
1.0177060617943916
-0.49641224635762093
-0.5068048909568447
0.32416661938737834
-0.8367913327115164
0.06499357463029308
0.5299341163118559
0.007430815328006625
0.3680356786957144
-0.5071501657178877
-1.001085878155669
-0.49971557190186267
-0.28299140345992296
-0.024807936570192708
0.44622407198893593
-0.31135890644548736
0.26217862655426355
-0.14108434258537403
1.2890185003257593
2.2329438384607405
0.07300683885876796
-0.1401713116635726
-0.7320369705845696
-0.6642556449578325
-2.139356522773732
-0.33292117304683677
0.4217202178368957
-0.8899694480618516
1.122916638295161
1.552789504171684
0.17257168672636872
0.02620355979824324
1.2585670095287438
-0.23915544970428523
-0.7982329423558392
0.7797441261174838
-0.0343362459764554
-1.4952078249864311
0.8986979034362218
-0.008001131137428383
-0.6979194279069558
0.17143153387894272
0.9582880597635988
-0.19879595847955805
-0.5240471302556226
0.7322278120271185
0.11548823792835342
1.3591613130233486
0.7377372968507996
-1.3048160093376917
-0.019359809698922655
-1.2557303054010687
-0.5956027793813353
0.7540525141507421
-0.8529675257156586
0.9748749150724364
0.5049881199630339
0.5785156081334082
-0.5263265743317482
-1.533186834412544
0.3418064991401894
-0.333217019377578
-0.426514128157031
-0.13554522252492143
-0.6916125536916652
0.48657126813824425
0.47461473615318434
-0.09048058180863641
0.5279849732114354
0.5786319230799821
-0.44978832016413917
0.25840049868081605
0.9434916368746852
-1.9143877565330687
-0.1780435204868042
0.24411541003933732
-0.5326579951972787
1.761600889781184
0.8236569203905879
-0.4164831275330364
0.4527926080487515
-0.6802423375988567
0.08833152091385912
0.3887185206297297
-0.5032164494153701
0.3020960553559457
0.6456849063917154
0.6144483043456977
0.8747380438069424
0.18587842282515468
-0.4687911753603615
-0.695639892038154
-0.06574360592076439
0.5864873264176673
0.0352192136031021
0.08662489811122762
1.1008079254967842
0.49468174280425675
0.26840444446404643
0.28127934522587805
-0.30743399253963266
0.587676684762344
-0.1414978633549255
-0.855257185464075
0.9331213311803488
0.45181637467659536
-0.749215422998225
0.3261710376564388
0.5782324939850871
0.5705110866593622
-0.3846415228747294
-0.1653751991747393
-0.49265470037843256
-0.013337084634195737
0.7460780081277623
-0.5932180165291724
-0.3126105808264177
0.5716394423168562
1.2742492715126745
1.3720823350876106
-0.27958195843374556
1.0865023859127207
1.0763240729356331
1.951151144174953
0.23518672724417614
-0.18168647944581282
-0.1849141477147496
-0.7753690768843745
-0.950264124442353
-0.2699195601682592
0.17877304996733853
-1.0238849831049113
-0.15524496603397497
-0.5241362436831968
0.1095064044503819
0.8338674282714699
-0.6451843156173921
-0.38454657989844493
1.066932203609366
-0.9074026546394044
-1.2362209041417813
0.5289406559165162
-0.883500889266814
0.2951280255901439
-0.5741753520530823
1.088922464886886
1.5095862614318232
0.4755213520143272
-0.843331677686103
1.337976790908166
-0.44299302553787756
-0.6354126232218407
0.45838576605991344
-0.8108601690118049
-1.4198198093961405
-0.3521848539254723
-0.07097417731325156
1.058636784060042
0.9947260074809585
0.7141502346480381
-0.4454267221445494
0.3388130045654653
1.01682523175977
-1.0349999818789934
-0.12110944119063527
-1.1742950410075448
1.0117782417279906
2.001363646685809
0.6358428313249886
-2.1227731994704557
0.677482091647998
0.08792083384313473
-1.6170469786449362
0.7028486265777006
0.5685929879771595
0.3709531395609966
0.20290212588403733
-0.6451559185344978
0.9266681761849174
-0.5179234245924825
-1.610040247616184
0.8771910652111352
-1.8173653274101413
-0.6073232056422622
-1.332074527898718
-0.8189957138996922
1.9565760775577579
-1.2984531274055402
0.5717723022933254
0.2803189988406946
-0.5599198504741925
0.9017395973127234
-0.20614549273632737
-0.49006413372570945
-0.16232171514034488
-2.068263912669109
0.43755897269208016
-0.26180190602615727
-1.0231445741654606
-0.46930298790582353
0.14668178849357638
-0.842960556547453
-0.5725211216413917
0.4081729240956731
0.7387823947758199
-0.04883464351549655
0.7041195622401946
-0.41850629535230915
-0.34998966143574506
-0.6209099139685559
0.5644890784486506
-0.4902809225902602
-0.47777618713947273
1.676632752379473
1.0520190288724267
0.07558955364753497
-0.27233311545844696
-1.6314038117603085
-1.7137793369996595
-0.6287896770848775
-0.9347865517875
-0.9367407521471506
0.9324801548555306
-0.8416174550663346
-0.8618727882551149
0.6797861008420263
-0.27120794124317665
-1.4446712285122199
0.19151305894158244
1.4773551879490756
-0.18583343890008056
1.412664840085205
-0.8457044464873902
-1.7628911340987434
0.4373849737684645
-0.7014009915030394
1.1251548944724916
0.6216043927006084
1.6384296245736698
0.9916094455636687
0.15451194266119808
-1.5996443897545227
-0.9528430917330368
-1.0793979799032283
0.6707315777750952
0.9936136412757633
-0.2564974965344077
0.5790271980032532
0.6313948962519422
0.0893864772979928
-0.09719665950211305
-0.3066513851251244
-0.47136629201145547
-0.27287165967130983
-0.012936329498544293
-0.6331716182599244
-0.7743598349834706
-0.1329070429198734
-1.158714136779319
0.41837674013011095
-0.15808521114221735
-1.5855913012080378
-0.2794667450041435
0.2596948053982518
-1.0495716673139208
-0.3957482922412531
0.8730498403095326
-1.177511619952086
-1.0391814640640022
-1.7472476954061955
-0.6750008224173537
2.162473865916557
-0.27178523779981917
-0.9730343969863894
2.1847765372519374
1.5114576653170697
-1.7445191193206973
0.49393202220512605
-0.3814192458876089
-1.593925866384027
0.03004182365748525
-0.6453975315997466
1.0975755805274792
0.8311892153633189
1.2811672246340235
1.7235912171909227
-0.6668134535003433
0.018616950022706764
-0.22360956958726075
0.6296132157627773
1.0979531178202024
0.5240621268012835
0.5526024960300594
0.9271488003065516
0.6121087063069517
0.21945375539163092
1.1109186938065578
-0.8356657598549481
-0.8600813897152927
-0.559426119832728
-0.7228365997446766
-0.0392648502734296
-0.49911857517777
-0.7908661442593189
0.6435994418185883
-0.2610596689776057
0.07585523993611627
0.5441647854441907
-0.6698524870675615
2.143763244006859
0.8976117522815161
-0.17431013935398512
0.36628386634394805
1.061308222766953
-0.5957796332607855
-0.8582688360325074
0.8662031141443702
-0.21158953473228873
0.8014786478955106
0.835942741953316
0.4885054445520104
0.6393367018758659
0.12467230726566562
0.018846850278710164
0.6285111607073403
0.4787833682366368
-1.150441605275265
-0.4251891236003637
1.2450582554568381
1.0547982109188354
1.1891153744498197
-0.4048916611786471
1.159262054231383
-1.2252369051533356
0.038049108694038325
0.8622727564855533
-0.9881104475932244
-0.44686084837490186
0.8180881234811693
-0.1010008562526048
-0.10805194318215804
-0.04444805113983795
-0.4513632821079505
-0.8053743394698366
-0.7800092724509066
-0.03165548293457973
1.0414767077618867
1.0417282900650329
0.4293513462866331
0.06190157592454308
0.15136524403513657
-0.6213541666243438
1.0338487881755898
0.865536362718443
0.7282877946197268
0.2640627975923994
0.46620434997398724
0.9195747305491839
-0.05060282258923358
-0.0073335355285287455
-0.25017467790935616
-0.16144515506021276
0.3412370467100381
-0.24752634844486604
-0.005865579838707144
1.2616354014636184
2.0048615890369783
-0.9586810676326002
0.08836524298351364
-0.4781680276391794
-0.22124062625184696
1.4884784130020703
-1.156970509652553
0.818283118644361
0.21051510376826169
-0.279277725519286
-0.44714714079341444
-2.460066631793737
-0.5054406522242191
0.4140701186759303
-0.18093952003585653
1.3977259324209532
-0.8170930722841104
-1.207241814541474
0.20178745301350665
-0.7278054363601659
-0.24761790567994213
-0.5822012416209872
-0.42510662288825446
-0.33831470900485405
-1.814453948724727
1.5452986938182836
0.3728918664644337
0.09823236162237739
0.20848201609554953
-1.2351189978498816
0.7379247616607025
1.233758995420135
0.3126907053200214
0.09302726584525473
-0.888861468328743
-0.08715099145764235
-0.5708116194434025
-0.6795854778384331
-1.3332872539595675
-0.3619227113036227
-1.2207473920191192
-0.5597670476172983
1.2180282350517313
1.1393824233992256
0.7193229479927032
0.5274178929243061
0.8525130972044371
1.249864300059867
1.4508300795999158
0.3147377365118453
0.07169036124537452
0.6482404430942011
-0.6909766466941756
-0.42366757106476305
-0.13523501280059647
-0.955170455558844
-0.7122699166834214
-1.1212209860131084
-0.7768629837043778
-0.3183562930077978
-0.7803692678919057
-1.040255630368042
-0.5458126250240855
-0.8876164004355027
-0.647641767094454
0.4462403367731512
0.3532547242013744
-0.8734094707139212
-0.16843371032322701
0.4736536935017846
-0.22267652509482927
1.3074677140271385
0.9840406327359565
-1.5895873831120049
-0.32090784158782726
0.06466502618710453
0.6343483747394306
0.19439223299275327
0.7028288637514212
-0.7984126015688681
-0.040908500027933066
0.8563350207707269
-0.46447979063031847
-0.8745091037466257
0.5699977611029741
-0.7329188516620939
-0.055967820710421334
1.1253105948568605
-1.592053092895216
-0.10780623026821055
1.4167426714689362
-3.087303137242606
-2.499567122998452
-1.2897887663965486
-0.5283111565070939
1.5602147347820994
1.2370954378981849
-0.5384175833874406
0.3200258015964497
1.0577776508984014
-1.6820867937360129
-0.7883164252876257
-0.3681251131729819
1.3221164481053553
1.3545957248330456
1.8962271870169956
-0.12368951132113505
-0.9809542032562808
1.9667896754846723
-0.3062865529149177
-0.7335587929784605
0.7110715294947303
-0.6862436189780309
-1.0599360121437387
0.6620058913685323
-0.5166953749284088
-1.0355915714908563
-0.12972844608835465
1.7934088202175873
0.5920645459058876
0.005393646193581015
0.6627868869814181
-0.9208102575417402
0.7006352371067143
0.021261162254215028
-1.6305267278104694
0.278270029327519
-0.651181494644961
0.6276274726338539
1.157923139456549
-1.0533042317468302
0.862571395990674
1.5681487413885125
1.4780611387296985
0.07059351099496135
1.7176208521694338
-0.6909320914865723
-0.7087662308123321
1.7858293182515164
-1.0163923673855428
-1.5729760979228815
-1.2954004657895257
-0.3362544822043695
0.2710838834642831
0.5622938726903388
0.8136485126813497
1.0984008900920275
2.432998694459269
-2.154869097833841
-1.753369944434535
-0.7925268214367325
1.8031143722116587
1.2614436022208662
0.2667011391395881
2.807753381152193
1.1761257770991107
-0.6300417272772072
-0.2745755027861915
-1.161193015759762
-2.0489594197538152
-0.8076624579864197
0.1374905411661965
0.22106585274144344
-0.8541104928303105
-0.09455748722467545
-0.004014459202122684
1.1125620149277027
0.4034023744438805
-0.13989404067986386
-0.5352898596701147
0.8998076871544488
-0.2632060270541932
-0.0019170407551968808
0.5297447507444522
-0.19527352980594503
-1.0873842407021204
-0.971936763477995
0.06132563126994426
0.09259222995521312
-1.2467246396505711
0.09410418897880006
-0.6343470764292126
-0.2052791770214088
-0.9274168954831075
1.8544693846111708
2.0694105293541147
0.8485880111579773
1.2974986328335765
1.822234098819577
0.10439814362352137
0.5125276361388985
0.2962534450084381
-1.874181138173439
0.2182311266432891
-0.21497256823452937
-1.6422153533645982
-0.19480856601822316
0.21791920868610112
0.5420279827010048
-0.08481165181937265
0.09469650186797532
1.1268136748513204
-1.151804047992894
-2.1306094973778116
-0.23723803609585875
1.156485698965101
-0.12993741508541343
-1.100260262726888
2.1251715284653057
-0.2398378188292602
0.07092787891066898
0.10544872345420539
-0.11642108984511788
-0.12395940539426988
0.5285792823187636
-0.44736738336744736
-0.6499397836433126
0.4162937789776611
-0.5614536536294554
-1.1798541701856906
2.2832652260988664
0.8566644448932738
1.7923227032094977
-1.4296828605748277
-0.8670897292342766
0.3391207029889165
-2.118720137471028
-0.7144874106095919
-0.29863157366329646
-0.8757129827927042
-1.2417491098741258
0.34735929659086434
