1.2101809482100114
-0.32850940588872524
2.8931472526376867
-0.9219914913729299
-1.8330129952092795
-0.3382061254668577
-0.9669320315438008
0.02129957873207123
2.182874404441806
-0.9309235425679399
-0.9923122639238539
-0.38744202590687
-0.6204787710240274
-1.8240658863840384
0.28385601328947707
-0.7285735878952677
-1.0375292667300888
0.49596154760649697
0.5155399815531491
0.30583089240817585
1.0817507064857304
0.03626589532119921
-0.9414005029624837
0.031264577905897845
1.158424527623217
0.22912583826938127
0.9736014727336539
-1.1346445602961408
-1.630099093548175
-1.0703940301438069
1.2817569803802429
0.3183738529332236
0.3249524067321927
-0.9291359144320481
-0.9737358845552796
0.1894333791464793
0.0250918168429835
-0.16351417649090547
0.8409351173186614
0.8984599754473297
-0.26929453933933384
-0.6470984561841155
1.7731612717599805
-0.542181253900148
-0.7451106166309138
1.0861317320761217
-0.7989909684424521
0.15313870024791448
0.5911757480370392
-0.17424628978605833
-0.1673002622663776
-0.2147964664714093
0.138116098195466
1.4226210097575787
0.15805874731810365
0.3033593922156731
1.3053416128686373
-2.4782237335792257
-1.674390437361728
0.1311023942138727
-0.8506251481983391
-0.5322528203267387
1.5819876293795894
-0.49381971194950686
-0.963920740065472
0.19049973645179916
0.43731019512129193
-0.8327213844488516
1.4935213589653455
0.5094646912846926
-1.340769003629155
1.526695562994419
-0.34768674762588203
-2.501217026694474
0.03184335840168253
0.43657132367958923
-0.2453516917758868
0.9865427438179095
-0.5935876361861773
1.6409201767782524
0.21208087302240455
0.3663053893085512
1.8391143235079217
0.5779582011584933
0.1548540556792837
-0.6717944581721478
1.1698353734262663
-2.0646040766819302
-2.2788498438739473
-0.6092568652021602
-0.8106024882904603
-0.6371853518311518
0.698233713579393
1.5043667378956163
1.107859249949592
3.7636264904019128
-0.28848658599673094
0.6095798073807847
0.24533812991556397
-0.011931714821737636
1.3276838766626846
0.29696887265002714
-0.9451591349256195
0.4949409801273124
0.7253251520357028
1.24592872208387
0.19870881234021412
-0.2862271659164691
0.5844736073569491
0.4303517408315003
1.7220251708162189
0.039364479833975244
0.2089567613592389
-0.5386725156541164
1.7202260797180344
1.440350040370729
0.13839850744218457
-0.8881134531617704
-1.5757740947467367
-0.7381356195496449
-0.0916843872414966
-0.5696393442199122
-0.34627128609507773
0.7205941070951786
0.7886664149379412
-0.06734631286530847
-0.3116281621975598
0.39878812624134674
-0.7249925337182914
0.273951761499274
1.6991800521743556
0.08814615387967954
-0.24651303711610142
-0.022354855627129078
-0.697719551135335
0.10769110658972002
0.07816718122838558
-1.8963841791251403
0.18041473037485906
-0.7509344626682432
-0.3610760618278355
1.3991375377298199
1.7232023804749728
0.8189124864472582
-1.321836405458202
0.836737501920845
-2.6341104495349046
-0.7413785422597952
1.0431404898194154
-0.7329252891817367
-0.393386310759604
1.4695727351266883
0.7434502258404432
-0.5167805225792726
-0.10544567081928344
-0.03759811500218254
0.2725790864526027
0.4228047836406157
0.0030937123696813005
1.9258573455784826
1.5274050308173455
-0.09601284944985497
-0.4781231887194299
-0.09604254341753118
-0.8550773210605018
0.5953857262000586
-0.727318530013638
0.761177268980818
0.4269162507113356
-0.13579522877625197
0.22714837103739818
0.5334012133561226
1.1297274650994165
0.9084553567309932
-2.492947135054916
0.4678370574518351
-1.4187261417103698
-0.6150862877484893
0.473903255570019
-1.5652893114373212
0.6543441499604933
0.660781501087154
0.38163401289058646
-0.1777869775079952
0.15734388318416961
0.46296611303190427
-0.8247685495079542
0.22525872858310475
0.8943359862499003
-1.2982688192212668
-2.078655210771891
0.13595257640975444
-0.45994853712284445
-0.05312675451745434
-0.4669047781962889
-0.9361422202089802
-0.046502077968296814
-1.8611915688765077
-0.198900203310767
0.8606981730148331
0.611396958088467
0.35839357882768674
-0.20071329012774666
-1.6200501665110025
0.42438787897338404
0.3939345068863701
0.4404801506306848
-0.5970607080279241
-0.5192272887685987
0.4718767998304854
-2.075110153594619
-1.3213445382983158
-0.1966368074087365
0.8043611710478319
1.192753226177079
0.22978922904085275
0.00790932419542592
0.14217304162759795
0.0952514826673992
-1.5602661263194233
-0.2303683040592755
-0.2754434230335125
0.4308916147479535
1.1426147297668563
0.022630719517505882
0.3430351712757057
0.17886765595671864
-0.810386370180091
-0.46956861127786526
1.1047081899259241
-1.6295828501654825
0.1339875935463219
1.636726446610107
1.2046182368924219
-0.6023918749778995
-0.8086726301810542
0.9245824840513451
0.044089749162572446
-0.3297986867649665
0.6776875122571675
-0.07710755787703541
-0.12075211336990303
-0.694327847621848
-0.47317421328255505
0.4548060710151544
-1.9803567178189982
-0.3125834512704264
0.10771373616892393
-0.780836727240674
1.763269365054005
0.8104074298768681
1.4260186706780962
-0.3693162525898321
-1.3848736110413609
-0.16411818529618774
0.10768968693660652
0.9695435382986128
-0.28751145911991016
-1.016525567455659
0.07467209140886708
-1.386138250677745
0.7717991723745717
0.5788316019669678
-0.5250680964708113
0.266422232648548
0.4507206521377419
-1.2182448361212521
0.24907757114551388
0.34087835480458234
-1.1304982046577063
-1.1781014728740409
0.6740834262953287
0.7869981683274844
-0.48611331534445706
0.5022721937350277
-1.8380109075501325
1.1312216535095616
2.0289841494586662
-0.2940918576943701
-0.14617017196862153
1.5543329959983223
0.17851068947705376
-0.874453222965612
-0.5536594015899823
-0.37787374507435273
1.3688254500757542
0.08302175852502225
0.4280911301533031
0.8876268254496978
1.0737987879407849
-0.2769116549214534
0.8160920905734335
0.04341385636163884
0.5015331104674096
-0.4139650544464783
0.4549062720970707
-0.08637182334582921
1.779577908212706
0.5964522894843166
0.49372573108444834
0.44839641483272175
0.4766277793088868
-1.3101724937446848
0.22380054126818308
0.11442783568392771
0.8475093461201998
-1.465722502197988
-0.517008567428111
0.8965646797169751
-0.0780453016333458
0.19954023917469016
-0.48853318269980145
0.5861990990457454
0.9474763373168764
-0.027176441512807542
-1.0945576495539786
0.8037499786301523
-1.2511802525686928
0.8198658849991134
0.40571756603223835
0.6295667658499926
1.2575002302918656
-2.147718512367389
-0.6325556394133067
0.4883860115298293
-0.7760024762957809
-0.5824398407575067
-0.5238258537265076
0.6350224563069707
0.7949667560627379
-0.07563830816447971
-0.6522299416172543
-0.4375887435334285
0.8532642955872174
-0.02827452024617308
1.0229869690068212
-0.5503576439277801
-0.21606042606233752
0.8488725070698856
-0.03506043031344654
0.3364427257922931
0.3761945202412874
0.6416202881133142
-0.10871753309512239
-0.5863204598481951
-1.036435611329504
-1.3445315019239772
0.5887896395823586
-0.8835292835937543
-1.0951296930874546
-0.7736049871676526
1.6628669065288197
-0.3234374793439811
-0.26431276744035204
0.03214842254898657
0.252734863935222
0.07707046608797614
0.4818004481717517
-0.03703601027655591
1.4511030453971503
-0.3060702851165682
-0.9834007159997372
-1.088357710875305
1.2913320318625026
-0.822838258971363
-0.3250748576019248
-1.5670079923542002
-0.12814032262853214
0.6522214285633522
-0.7468138705121772
-0.17225543830851198
-0.3073127320955979
-0.6698799933761215
-0.4834766808344478
-1.008315506895164
0.12446895454935054
0.6911414598328333
0.7423267171555162
-0.10644484422884432
-0.48728644650755276
-0.3134596399058846
0.22270790449501401
-0.3379518586368893
-0.3923195943035386
-1.2171716502254775
-1.3183999807089646
-0.21371525368421415
-0.15801267323514018
-1.2533651983394622
1.0876866015690498
0.06754299339670106
-0.44445225551282597
0.852953529999266
-1.47756958771904
-1.4664301889814937
0.9443970735028652
-0.13146398829106165
-0.43036302072815324
0.35870426731118854
0.3301087905548531
-0.22652263841028417
0.7721381147482751
-0.25434170607714124
-0.6650392854572698
1.2035587911452992
0.6516396415613287
0.7440550592428062
0.6578011183815216
-0.8851243838688625
0.6585231512465171
-1.086310487785418
-0.18797581894881443
0.7743622058151474
0.9164395176430798
-0.1729213566834201
-0.08343466455404622
0.1837442640882189
0.5950990605406135
-0.45406022511787114
0.137140160235173
0.8720908983700819
-0.25708548778968
0.7661512997493559
-0.016018714611676334
0.46339775572094327
-0.11168658229310616
-0.9382014536597231
-0.3392453341170404
-0.8670315636825523
-0.63734221490645
-1.204938209826341
-0.5459109024518491
-1.8120389313665208
-0.1240885304147839
0.19093195309659666
0.8342042208227749
2.219528198370253
2.218117303402515
-0.7657765232665278
-0.7995127745287269
-2.1578419289483493
0.28364396918777296
0.15929975572046803
0.17558650799723646
1.49346823658809
1.1015299647541343
-0.6110479120153898
0.6090952444678464
-0.1264737468706825
-0.6941660653663584
0.7053436174179445
0.5440604338268681
0.7349685028858914
0.7032720522513888
0.06169669879210548
-0.539647158044946
-0.7730749369048832
-0.7494077137148949
1.06314533900292
0.023359660981267193
-0.8306126383133259
1.5656390734523735
0.0501491429090439
1.3990688879038147
0.46468589787826237
1.3352899243135972
-0.4401999439274736
-0.5641063758201741
1.6589778547568002
-0.49858543244569026
-0.003374041669356928
0.8925987513596009
0.6461071873035457
0.6241685075401474
-1.8177626357239127
-0.5969381541494245
-1.0200311223402359
0.16359887689347574
0.42309993219447994
0.7688500799409871
0.017286310004543292
-0.7544638924447353
-0.7333506644507766
2.210972422518262
0.5989741545376086
0.5868425464626648
0.7705413191161986
-0.1945590101209944
-0.046464812308928356
-1.2459964304822073
-0.7932281463838632
0.9717193059819159
-0.6275677447773915
0.26438128485157286
-0.4740553857483498
1.296386497949383
-0.4872397966899039
-0.11391528738877846
-0.5673787006277494
-1.0180278266745055
0.7178493479108591
-0.4983363859965919
0.14042546647497192
1.758097769727047
-1.3361520301902026
-0.40807412555251205
-0.6053070095251891
-0.39246845275693903
-0.007109009596148701
-0.4532395696135775
-0.7918645238574723
-0.08437120000588162
-0.7088969835315969
0.14256850434548624
0.2515202051356044
1.322502421319815
-1.7342402671521875
-0.07241888060225513
0.9188894916249519
-0.5472213921686364
0.4215656316218238
-0.7056067153464448
0.6137009591156284
1.108210693559746
-0.6282872797416116
0.4273635538497815
0.8930339762937438
-0.1277916815638473
-0.24354433064968734
1.7957330492332018
-0.21420205351307237
-1.4385628318758612
-0.07613256269898401
-0.5611019563504938
-0.07017584622903458
0.5892490087542569
-0.9553329558644518
0.11170817689054231
0.8370932402087863
-1.0258793856970685
0.5138444946870127
1.2671167567776724
-0.816682589158993
0.5186237176252835
0.6246366455153871
0.7783339031047545
0.1790621806588626
0.6877985711625649
-0.09126926627763403
-1.5209565813424004
0.030097660555338926
-1.3050529295899533
-2.121981496514517
-0.4149996227871124
0.3351616605383307
0.2852945068812857
0.039149175343924814
1.270558180224008
0.07305651181324913
0.5140352970522196
-1.881702874153584
1.2731263589543973
0.10199836235695219
0.2226780991795508
0.3802649297925388
-0.41658307922473037
0.45725123506432186
-1.013401383134272
-0.5892436955915024
-0.67170731108933
-0.278196853671529
1.5473161609531685
1.442975147202457
-1.1117026444524594
0.05611917488511531
-0.7510640851988613
1.1283877008872938
1.4176965928968277
-0.8196876003099838
-0.19836276986691012
-0.8570562957096101
-1.127914068976793
1.0128717703261518
-0.7559943920611708
-0.805889493146686
0.5233722726224258
0.9797540666145513
-0.3891544637308922
-0.65341684200023
0.47590918148597017
-2.180150460972027
1.3603627874579598
-0.13108024318907313
-0.6927016376433971
0.10364363154456693
0.11798899573621992
-1.0796824373011547
0.3566547600265332
0.08104322861412509
-0.5637689525924546
0.10732803913616866
0.45892837114835844
0.05062274312887833
-0.29652680992245517
2.539965326506781
1.5103234336327025
0.6187877718192736
0.633514049801914
0.2881233948011008
0.7743957950781117
-1.5911701050360696
-0.187471831406717
-1.4087252613195267
-0.7439927846866154
1.4688767949753894
-1.1518086838053276
1.4556284454766864
0.4811232256462621
-1.1989293450883438
0.5272277571946027
-1.3300544676820392
-0.4196878010106677
0.4968730161406265
-0.2628903004018345
-0.02670606829698057
1.3198268609611061
0.857870897876233
-0.926838226233716
0.5512216603234141
0.4550564483204711
-0.5115885008665767
-0.3831860328116474
0.18254772782043716
-0.6332506523608169
0.09993665189693951
1.9376845729374275
0.5743687091151652
-1.6082437685004702
-0.5923349454661442
-1.5131263555835852
-0.7222984254112237
0.8548912344401602
-1.5668316776579785
1.002665725040608
0.9148965583165232
1.1382237741329606
1.69323735361749
0.37800499884587146
-0.8512481447477659
-0.2364553115399693
-0.6096119560246902
0.20885536462644574
0.6597491990680421
0.5581687884521285
0.434189025410876
-1.3710497250761977
-1.1576750873851769
0.7432713839171758
0.6436364485455114
0.2329513243582456
-0.767790457190444
0.6136408750574296
1.313879855962459
-0.8968302762298023
-0.04471445279551776
0.17634882804103788
0.5539623714485201
1.0483637825700989
0.5579222039143393
-1.1724644073112909
0.05595176277447358
-0.967301617784154
-0.05843466591660544
0.1895929225233673
0.6094928857406301
-0.44039606061877146
-0.4113820813975195
-0.20886727971419633
-0.5267750556576808
-1.0268552244654705
1.3156259031962978
0.6346267992515491
0.46489345583838143
0.0816916265739727
0.680950327901573
1.1535622553779008
-0.9536193629298071
-0.11329187291280308
0.8356116870768754
0.5843414396475228
-1.1861257199999995
0.36720470255546594
-0.1879205078493574
1.290077272965768
0.6661437652076209
-1.1188670527873739
0.455812766523566
-0.18217160461862428
-3.132352649273253
-0.9273556617390322
0.3143254698860342
-0.8393581920554258
-0.452973899539028
-0.8014228546174016
-0.7316823630292081
1.7160995131623045
0.8608216507824042
0.9094115094475987
-0.32571981119493965
-1.2590343662219554
0.1658110931330181
-0.7376608832564314
0.6815979845686493
0.9024022081285372
-1.2058286209863631
-0.6380316662471498
-0.008094753604697896
-0.09159130981923787
0.22087682064073716
0.7478492887382968
-0.683438015647609
-0.2300001722838059
-1.0557210901089102
-0.014089827845761939
-0.22041000996961518
-0.5629139368139376
1.3353774642578695
-0.931698210885412
-0.4309849583504239
2.1014177678568426
-2.0933385006696654
-0.7931707809129906
2.298340159781863
-0.5308865145829392
0.6226163263989226
1.0959713780994704
-0.7367249635312818
-0.6722455852637995
-0.4526160099115216
-0.251035172021917
-1.2533520070187978
-0.23835249438793576
0.8757490042696484
-0.3912815515725138
0.09367446960948789
0.22606978063079586
-0.10166816694531294
-0.3193923302433455
0.9793560497334396
1.4543525359419671
0.6730575377585665
-1.214215688096615
-0.15636964086598595
0.3951215139762296
-0.5353765715023385
0.6039513457962913
-1.8568720107548495
-0.9498906742359455
-0.5578884589114188
-0.5316109519913513
-1.9349749730207964
1.4227228523773878
1.4552582923004673
-0.07572500918720274
0.4791598142147389
0.6260452832636877
0.9692512391525349
-0.6242534522324235
-0.35842309418480967
-1.088895366196602
0.9772364346844571
-2.307460628277861
-1.3599731720448425
-0.34273253811960125
-1.6335486768508942
-1.8621843013996504
1.418344503602899
0.8825295988760079
0.25946115714232154
1.1313449312445651
-0.3058080982356727
0.42980314823095
-2.926239660869243
0.08882997907057572
0.8435067724741732
-0.059528679060006855
-0.0603407427937645
0.5887755202707716
1.48079026842363
-0.7134232647688741
0.3665710696967529
-1.0860765109850268
1.4668938255510857
1.6285492100709957
-0.6346556135751732
-0.2166201197331723
1.1834065994796577
0.7101307569270661
-1.1906087957404132
0.9001372366054791
0.1554032490225116
-1.2695983025459143
-0.6836762747518276
-0.5483253255314986
0.7749560977491071
0.29125550940786904
-0.024452389090800403
-0.974154224911095
-1.1551897230531518
0.7991429488009145
0.6880069109564861
0.09449628025766846
1.743477488416693
1.0898773676006757
1.212587493909073
1.433865924593169
-0.44071755635885745
-1.096653679068961
-0.41693122731554594
0.13711648495702186
0.14626262283254993
0.5791787615815389
-1.3636755714748674
0.40953106445638215
1.0061112624533
0.08893498163829515
0.23006419906866887
0.9629148764327549
-1.0953402532789216
0.46027499507162334
-0.03947491292180344
0.0017110330965883448
-0.1376276211599345
0.1785891642490726
-0.248399942072358
0.9660725328382036
1.119876014400968
-0.7069046922068761
0.3984462537313511
0.9735550130818361
-0.7197661106853123
0.473747876195758
1.1771601831291965
-1.2663209665805804
-1.3399084900150344
-0.46880642126635924
-0.2681283130028731
1.2791474927434117
0.2643395932290409
-1.3554965978433853
-0.7605899985159107
-0.40345994260549184
0.12436674567078393
0.4658289242792632
0.5171702815571868
0.18706759945156592
-0.21161448703634692
0.2963299664456654
0.6966301772099608
0.7858207858902188
-0.05131343892048228
-0.765973128928426
-0.011526463394946208
-1.4121219775919154
0.8748793842814319
-0.11641518993685583
-0.5245610814729772
1.35610900532176
0.22935305183514326
1.432514002220008
0.14113744076972878
-0.10217846976737288
2.2140593338146743
-0.31522670209377956
-0.8312457613065176
0.19666262221802264
0.7045211998157467
1.4979503690979905
-0.22790963817656357
0.5114215317612116
-0.10312508088029099
0.8470861204789806
0.09939349009517186
-0.9095454936893012
-0.08653630849117341
-0.6378926761390435
-0.7418873008270671
-0.16707124587527464
-0.4481693269734186
0.028411623051612923
0.4139214842296832
-1.2635143554591024
-1.4381417988526775
-0.8481785081767685
-0.011617175599099984
0.21913997209553346
0.7160030286538734
-0.19607508959742095
0.48519731737126487
-0.3652129399441306
1.0157760416965804
1.8556255225451277
-1.0410522303886127
-0.46835118989467034
0.1945026736095427
0.721642604515034
-1.088583018307078
-0.25577010502031494
-0.029135180605235372
-0.44020813773422524
-1.0262134944584758
0.48800332904341975
0.020694961239890494
0.38678735992630864
0.00017649290366806604
-0.7398663750460929
0.4160133577426444
-1.351001699457468
-0.8421134578123812
1.0557491530506982
0.66628035666188
0.179528548834384
-0.37122694924477073
-1.026547046292303
-1.0601539083767202
1.540636252216405
-0.07941380953482935
-2.4361348622314405
0.015373683913890223
0.8652844997793518
1.3051959420890844
2.2727499962208686
0.8575875910501896
-1.241757719925367
-1.7948118649490354
-1.6088228035815204
0.7817693192441055
1.1976814806949965
-0.23055740827489288
1.0532869265722147
0.08532187673666321
-0.8763114280144143
1.3523446554038339
0.4677210478757932
0.509091611503778
-0.6928543960787378
-1.0198984246887288
-0.9297373335711784
1.1365416986142245
0.05417039127718902
-0.4980840217736601
0.8306282444763508
0.5370022888078119
-0.5690338137944849
-0.2659670058572273
0.788937864975167
-2.277278351478414
-0.12050640903928608
0.6246490565446394
-0.0872326968846405
-1.045249939220356
-0.9428422707825914
-1.3235838227002532
1.6749209396247202
-0.45415737051879534
0.6587743618734129
-0.31255287705299867
-1.4515058977058166
-1.0745714217758422
-0.11522552477665304
-0.29925325897789945
-0.48914415558430857
-0.9206402836217118
-0.558168788887648
1.081201258871863
0.04902397967507095
-0.8995377259588488
1.3091881390227373
0.9001454603708101
-1.282492327789886
0.36392259960802303
-0.014330023027237206
-0.8281071858090906
0.8271212888637588
0.1469611565743507
0.6912595906306959
0.36630098386972665
0.6518137967867955
1.3913137696799456
0.6022775050933994
-0.3619397494927148
-0.826058700478814
-1.121854033782153
0.5289617876363962
-0.2966465023916575
-0.3722654819798424
0.5348547997424241
0.23229571025820092
-0.3724503088549583
0.21915363536485258
-0.916979180176535
0.24138995908504063
-1.1667560228807086
-0.23642236112257667
1.2845919210446184
-1.0213971218144338
-1.2871803979279073
-0.431314896524395
-0.8194790525726624
0.7384909072694623
1.946950012961214
-1.2696897978144204
1.5713077419287929
1.987451458364114
-1.2529748626583246
-0.2331336374892929
-0.4392755217131939
0.990414748844114
-1.1376253527415514
0.06371281319740074
0.029011724233802254
-0.17039612202113716
0.6829496804059835
-1.3354827899896244
-0.7014877215245797
-0.5610939543536488
2.098206921203444
0.062081671180104096
-0.3033321048493357
0.1647808823670785
0.0035349124991223314
-0.00689703967314685
-0.33291799296788804
0.5082041664182398
-1.2278292643410313
-0.05740097728762448
-1.1825739071771928
-0.0421451341855576
-0.19662466789298333
-0.991913598909171
1.9885459111127062
-1.182935777895885
-0.02527479869350045
0.7448208361175293
0.5813888379965331
0.8571242500138595
-0.37708303388675624
0.3385734751953775
-0.6795590626972202
0.15202710910063538
0.37421286482391136
1.1003749881955955
-0.1692246867457218
-0.6211987169288598
-0.012186972832408842
0.26009001434013096
0.9319687891920799
-0.2527797881503517
1.259240852822589
1.4219751641979375
-1.292855702805318
0.15274295371553265
0.5257552270814849
0.8882286420976139
0.9033539362880489
-0.727712233700477
1.4064507715323693
-0.4274839549638205
-1.0889495916803837
-0.10455302277603783
0.5672270353615052
1.497238039859557
-1.116988496114546
-1.5192147336821744
-0.20357498848933797
-1.05991394020577
-0.8922364941372788
-1.1299355789170944
0.05409337915115743
0.7484080425617916
-0.0347868068124058
1.0029888052949845
-0.16088317153807566
-1.179214006069924
0.24690161321693954
-1.2403314089155386
0.38408654371906337
1.5992606254751174
0.5939321406160225
0.34407610022487145
0.43306064799014127
-0.3706204252002124
0.06523492159416805
-0.9364082449371997
0.4771630949743558
0.665446989648936
-1.5683722875222457
0.9443737690426096
-1.7684040240338195
-0.8152236242681516
1.0145510462245768
1.9144021661749633
0.7064267472042346
1.1036541358351555
-0.38643783703605905
-0.9459917632353231
-0.4803134040308676
-1.3493488441694288
-0.44578632046369804
2.418325783377071
0.12535657364365516
1.0026321372819667
0.2737746493236783
-0.5897203217515564
-0.8790431913654916
-2.22134996220991
-0.4060134474704305
0.565100331828599
0.05132057868139602
1.1354027223523164
-0.25448395310621985
0.549436174137825
-0.8270040073912172
-0.8192743162279194
0.4582626405857618
-0.5961274584625746
-0.18317828753205512
0.5676183946914907
0.5170829682859268
1.9806922176050599
0.4925688095434967
0.2987065411109114
-0.8880745993941027
-0.8826070850605424
0.34089634590903234
-1.0362453440239274
0.270643880636212
-0.22819437805565415
0.6261835923745457
1.8213961496237367
1.1773076084286977
-0.03257414495800932
-1.1117565558456843
1.889632003570897
-1.0683781393789666
-0.8112055344005793
0.08245678904946209
-0.7544438588896867
-1.8771928794691684
0.051609773026804535
-0.3124850644051884
0.09334209958240765
1.1957456885052262
-0.5995721295297476
0.8102754694947701
1.1355005195639425
-0.9869928597475067
0.29097267386750963
-0.8772906571509825
-0.4142489579653421
-0.8715846844805406
-1.2096938969817497
1.4051479238021327
-0.6682188702626923
0.6489098917951002
0.295595148581736
0.0431082486408449
1.7986161773944014
-0.6290759969800435
-0.7580204801530226
-0.2691479392520288
0.6763953611203973
0.3228771512390447
-1.1738961043805427
1.0463855262492774
1.1070856898108428
-0.2530449569493357
-0.0763722448250388
0.6916438359186077
-0.22569726577023674
0.12938509399138778
0.11100829549346651
-0.8927235165260625
0.7760607681312698
-2.0200454585700465
0.9643538869167977
1.1410196442466642
-0.7845885470083905
-0.008663297773631796
-0.3186981550475949
0.3364163976039348
-0.9051725737811908
-0.7743238046738619
2.114867242874057
-0.7255808420584008
0.45776416120782903
1.19402692282515
-0.9974189577273632
-0.6147105577188141
-1.1341981159743075
-0.7344241190704806
-0.3975885998314636
-0.9153456230512075
-1.1264145664835121
-0.8882872708962773
-0.3750741727725687
0.4412661415235765
2.9318362253984085
0.11565669153470465
-0.464218406277168
0.6422899609994139
-0.8586449755534805
-0.16479519827928793
-0.37636651288215717
1.5193626447809112
0.14965789839440208
-1.1231927401279989
0.14664378263944863
0.8771173603560212
0.16198048887246697
-0.0021309629248629364
-2.246528990735727
-1.40301587508806
0.5218595307062599
-1.236806027565339
0.4288691059561563
0.5930857662928706
1.7082648206112967
-0.0783620981790803
0.3201303370394323
2.217857254749579
-0.06980944606192573
-0.41168275141186367
-0.9521909232218384
-1.5027530507799736
0.02005874639417908
-0.45041169503410966
-1.7765843788993854
-0.17529664975196066
0.39755581690303693
-1.1642075671084329
-0.49446672532528424
-0.6133176031625236
-0.365849424587011
0.5707680226828492
-0.35599270875949884
1.1408116068074665
1.00796164175238
-0.7326170529622247
-0.8988055918358767
-0.12489638355894535
-1.7548516549021769
-1.3289238214999315
-0.7808711182120663
0.9600709659035023
0.5948557436994636
-0.7188445823383018
0.12967673447754655
-0.1593669447786199
-1.0482285491569625
0.6671656908262761
-1.0600351220462703
0.6620775004829965
-0.059837007610980805
-1.598534837879205
0.015416326585433857
-0.14653464848686618
-0.20473229835999315
0.3399177723738349
-0.23942267815943608
0.24219811984978717
-0.6909589639982606
0.46393659798449893
-1.3189263405930467
0.470035436995187
-0.21261078228222002
-0.4703593244102081
2.16503681046639
-0.6212421210466128
-0.038529208664646174
-1.7771681683740879
-0.524961454667547
1.2970181921881354
-1.3472645987737522
-0.3044406545307718
0.348912320617519
0.3896546649332531
0.32147930217840265
-1.3129953106059504
-0.1465549769867012
0.6759886658620863
0.5831792954708069
-0.460393394297796
-0.27556862111250346
0.7750614066776161
0.6673351346948059
-0.008085501110399528
2.234783603967129
0.11213326699843292
0.1434394896590671
2.14850793968998
-0.426804935616691
-0.7887285972394572
0.5328037718705029
-1.5860860331454032
-0.9622738704072583
0.06530974174735406
0.27684289498666964
0.17447478585019946
-0.7203628634820639
0.17789146146264753
0.49345175911136896
-1.3294446315218786
-1.4245581065536526
2.152475469224744
-0.09714875109813134
-0.5952184774418791
0.045692107641313665
-0.2832190385097402
2.8043321290067382
-0.7417893042160506
0.09909337621791492
2.3889685465378387
-0.43875001621252674
-1.573658513706269
0.5052078306230767
0.9436542946881645
0.23834600634641295
-0.7291760255097178
-0.2879925439617072
0.5915951257906209
-0.06541605557424852
-0.24193219152504236
0.9294764125167946
1.4570991215551337
0.5042457493682599
0.7833127578897017
0.38490239128061876
1.6624676666338012
0.33281667931544595
-0.4709759908389784
0.3772827369752464
-0.7546340470516826
-0.1611055025868068
-0.7973593966110245
1.0675326516837031
0.05066218624200677
-0.4289570639422917
0.7764443508009934
0.7208512477985811
0.7410072610740636
0.07764700148152481
-0.6523401476287418
1.6052933062751653
-0.48980283595905116
1.0634726182886505
1.619353643202273
-0.9138479926752713
0.42926903493154533
1.1774758091257616
-0.733352411359481
1.9937533124990081
0.5020080725532536
-0.46331609639024796
1.3983903132736206
0.6734231565391899
0.17862616034323453
-1.6908416735618572
0.5500354191052116
-0.4362257756934542
-2.09898730119819
0.928890702499135
0.6437757614525466
0.8660904135691337
-0.6275235598814511
0.05126821941474202
-1.2682303668304433
0.00040599659934546783
1.3576105623552037
0.8370345438290743
-1.0765405747149974
-0.44761175327985014
1.1008612012839498
-0.6897662809809795
0.10940330268096907
1.3575012112677798
-0.8143104238060427
0.5296851353380924
0.911496392476798
-0.7846063963785848
-1.2646713184028866
1.553698579200439
0.08117289856545871
-0.26407065300049315
-0.7280942990415832
0.32904566128955015
-0.2878260614724426
-1.599121151462335
-0.5934658751152223
0.6505393057802417
-1.3553629763208352
-1.2721134199537742
1.3141310634973977
1.7662124752505306
-0.5451150291987282
2.1740293588313335
1.3624990754392583
-0.4023981154586134
0.5606598086660037
-2.068089268396084
1.7512559374987748
1.1836430697653215
-1.4043725310553914
0.4698313708662657
-1.04905837925304
0.07697443925531787
-0.46568334975366
-0.6135629790126571
-1.0541762837658142
0.6466626749616557
0.12386960646732266
-0.5181585956107766
0.6924190251737001
0.4764079935149125
0.43581219965768336
-0.45224551864188883
-0.876082859037136
-0.8158205817605552
-0.499924189582165
0.558090094592969
-0.48362815123604275
-0.3198705730519868
1.386581476559713
0.06345939686558216
0.4162625638997532
-0.12789144814104894
-1.5726238563508463
1.4322926452825018
-1.0257905642454264
-2.004228530237035
-0.1937800699320636
1.0064099950889358
0.8335814618736037
0.6793854556328475
0.48320448248745146
0.5519401099280222
-0.36069947468597885
-0.344042716914433
-0.5828398535531057
-0.23792948022980617
-0.7571098372280858
1.2716681435942483
-0.7550100161228593
-2.202920060813765
0.8636686670394819
-0.43067437075120857
-1.7736584957614647
0.4151270317526789
0.1518698270733326
1.143351814099187
0.24912413031288633
-1.2408656271907976
1.52748809617973
-0.034775743966043354
-0.8566178508803449
0.07043748731877635
0.29237242485513987
-0.8751186893760179
-0.6130899410240104
0.7200952169836484
0.3639588105727505
0.05682521344417982
1.3752141979282175
0.18618559007128077
-1.320706713457833
-0.6153268974888421
0.212639345482895
0.05908440009928005
1.2835800274186262
0.06787107905241226
-1.0661080124920468
-0.6797365323367673
-1.4954165128701318
-0.8779724302552501
0.743332457365826
1.1549553778631112
-1.5886177488728668
-0.01627146525920096
1.372376357653392
0.13143267002546122
0.1600665176820461
2.3357932575035796
-1.0340427483156536
1.3284466352278315
-0.042327732091281114
0.32755335817752357
0.2694897500114624
-0.6466463447730192
-0.1751143208273139
-0.06746204397027276
-0.3303218712237099
0.6206411021932413
-1.039080987125959
0.11188827714988986
1.3682807053809038
0.11909080144694462
-1.0373605483012638
-0.7712018906490449
0.5448327438112655
-0.9607210091626404
-0.47120397465544483
0.9223485292771162
0.772656860259348
0.4359002255429612
-0.04226762742771372
-0.9586336486970496
-1.1018266021645415
-1.1237980844651474
0.44120860195593103
-0.007329991707973101
-0.4461324796933837
-0.2610487894435858
0.0969708159377947
-0.44778683646137457
-0.20768506216025467
1.3530404746466516
0.42947706651344386
-0.1762839392812931
0.05036052178141773
1.9780355573383945
-0.9593069468924442
-0.9586069739998244
0.38228125340475483
-0.7548905296207017
0.7723946621934312
-0.48097287634451197
-1.7033449398747518
0.005958763676736339
-1.0148743487670748
0.552200284762132
-1.8058338931113547
-1.3087559773605937
1.5539478819620955
-0.6969781954496884
-0.46278251966790074
-0.27776303528824753
-0.09994675408581678
0.30758232065242663
0.009688329592591385
-0.5880184992016495
1.6755526947902988
0.3513573665408572
-0.20206619097646286
0.6966010233619527
0.7272232223068565
0.39003393705929873
-1.5869590665859865
-1.056260892619047
0.8420191226799869
0.6740366070058345
-0.9803556499745849
-0.28428645866461244
0.7263468635761395
-0.657059888408986
-0.584470013333251
0.9462610995248204
0.8955263556680593
0.0889533202253016
1.3046409274076407
2.2569976012057102
-0.5323776579015176
-1.620232706448555
0.22927128112499004
0.2006847374581265
-2.1032759722167036
0.9109639407810842
0.44929710390875366
-1.386503938189223
-0.41337086269761925
1.2348836308258386
1.686935136382572
0.4742034881715529
-0.5955297570933034
0.3994539976934984
-0.5569536604966384
-0.40935475760999623
1.1107170611501975
0.3755235777657774
-3.178775382355997
0.7432992298458725
0.878348959184861
-1.4678035236569713
1.3073191649477658
0.48840638268096187
-0.37135734282562666
-1.1642869418431905
1.7824781998944519
0.35212790795176463
-0.5376032418374596
-0.14722435589892532
-0.4304742264484631
0.8451850935618018
0.025431278741332854
-0.10350675221999116
1.414880573928587
0.4373381106071384
0.7157238365335787
-0.7301177653720291
0.7864575041372194
0.45110943126243075
-2.5827597600116032
-0.0640190125731324
0.7516677375358662
1.0948974334666088
0.7010765357434845
1.5066115073473507
1.0118725114631426
-0.9037602184361365
-0.32030002836416116
-0.43804282222163354
-0.42024958924883443
-0.35912034730025433
-0.19589897648507978
0.8721258048191792
-1.5526819761873478
1.4143414832047607
-0.0013889362867178555
-1.9043539099902442
-0.28846041153858515
0.20887753354033786
1.9462284931397131
-0.013922672969035627
1.0404061585438353
1.1465727984285772
-0.2577953944178955
1.5232528608576061
-1.331752960633136
-2.114366020171666
1.1827399249125383
-1.8708543595013871
-1.2069240959579273
-1.2115219450112669
0.6028162811355872
-0.33661296559157505
0.8265804451896146
0.1904941128751064
0.5684164931724405
0.5267653061226826
-1.1453584754265282
-1.0718380293732108
0.9744800333224464
0.05526105538284251
-1.2603071431645678
0.8925523546327216
0.542204429035386
-0.6802855012889082
1.5026739838394791
0.28589833879177096
-0.1301641476632067
0.2954031179715324
-0.7841382868415653
0.5222362472927322
0.24444476281432512
-1.9277000917002727
-1.7379933555994465
0.8999476174404495
0.24476425082557055
0.009723664804503273
0.5817767627268349
1.0679366652508424
-0.9924304059275396
0.6870897154976929
0.34265031027783077
-1.3288990931290612
-1.3940797883574334
0.8980795746475173
0.41299430482983246
0.014485693186359679
0.6157229538685058
-0.3801906611651755
0.3195534229452017
-0.2568444199153934
-1.8297056779001062
-0.17422738476749247
-1.5003889717204748
0.0038175800407408292
-0.12979191281220878
-0.8728568249793232
0.5220899393786353
0.3728833440364122
1.1875999898795135
0.4444302574200421
-0.6462225416983801
-1.2101398704563546
0.00499618006766371
-0.5509650607525709
-0.20957598044877396
1.2747390885268972
-1.3440939643821301
-0.5720079067693455
0.8594606242468966
-0.0833460892782967
1.3361162457719329
0.3707703844413742
-1.3413817346178547
0.3971811604115546
-1.74408052641244
-1.1392956581614906
1.1949135984771637
-0.16959680301303778
-0.6314354916198951
0.07932674489708626
-0.44962949698343435
1.8802817716706786
0.44539365946666526
-0.585919188229309
0.18101940212926576
-1.0680069023209409
0.8631802773097155
0.6688509267259374
-1.760264503966701
1.3371383047889842
0.19950415036674196
0.5808282407720932
0.09672916800237095
-1.4376031482822542
2.3153460744904613
-0.5982089000713469
0.6393283755571966
1.7467132983258296
-2.466930396837706
1.405953028750688
0.9544281741477156
1.2317784640889593
1.2698009610409036
-0.4265246190711975
2.247809773542409
-0.5270372548910047
-0.18770649308369475
1.6148601467653445
-1.0340894430925234
-0.4581516820489289
0.9394367397036091
0.13423244296180628
-0.20124795789238997
0.4412913089389381
0.9296892526512975
-0.23864115882991183
-0.8503338999371437
0.1256673086180083
-0.7081535294837731
-0.7088655272980185
-0.3752771549065497
-0.308990239638015
0.9054565180805889
0.1397650561435367
-0.5505821299657732
1.3841339932629086
1.2651602588675723
-0.22609170329685868
1.6630026284659452
-1.493339331805603
0.20690416125864278
0.38104304376553827
-0.4826887873247621
0.5797738616587177
1.3947141330394204
-0.6594870988138538
-0.555462871301248
0.7032616244509795
-1.7102568668427665
0.2837276916889269
0.7190730033083513
-0.9443562295602879
0.29864717919716255
-0.02633421222933926
0.8080503441224275
0.45691709812158415
-0.6994242513974416
1.553506342578631
0.2944126482585921
2.184066676883675
-0.10690821917996664
-1.7388080943909905
1.2143592890848123
0.15581880178981952
-1.0145014736991333
-0.22055064290383897
1.5992010176136922
-0.22217347481757202
-0.072420953107559
0.3701951560890471
-2.087303682997935
-0.19734281234768297
0.6497147853999505
-0.5680297593318022
0.5267843798839285
0.24996286086218822
-1.1251255252540497
-0.8312576153448267
2.200946283903355
1.5911453217915774
-0.208193615812036
0.8442230107656331
0.6241371033102923
-0.2578805018767477
-2.1434394791884124
-0.2964292572178026
-0.620551385784366
1.348965696249132
-0.8379948234838701
-0.2256916986290992
0.36421023438114986
-0.8522032163484315
0.9063072877246883
-0.4610879213965996
-1.4176429423164083
0.4765803715334488
0.3329186348235257
-1.2960740736405991
0.1584441941639609
-0.9361815860180053
1.6398885645185048
1.1287260544840427
-0.6234181168610239
0.13943279540810632
-0.8029602050804405
-1.5101603099604326
-1.0803972750324982
-0.03811199977725147
0.09211541963192911
-2.0260245179360807
1.1151513371640898
-0.8087099574960177
-1.8295880780793143
-0.9039911933401272
-0.6484005132438059
-0.5741304709783149
0.6369088160900603
-1.3504643192261152
0.393057494997257
1.6239830277265106
0.20472398463258007
-1.020418155101752
-0.4983392003822157
0.9874663091612996
0.23389593805548586
0.9864595393952857
-0.08274831719280888
0.14276368410639734
-0.6530515140965945
0.595001198544008
-1.4272703783264213
-1.358801569774957
0.5866840657398344
-0.042328948171896676
0.36436241246071643
-1.6228247361093062
-0.11296721911580905
0.7837827725234634
-0.04805828270592517
-0.6694259791981548
0.29292942279235595
0.35041533600853714
0.17443494791242387
0.2359738285409676
-0.40059727810606705
1.758828294465867
0.1928393065891497
-0.687037624564061
0.7849279762932373
-0.7211563829360074
-0.26796816571565185
-0.1599996609482685
-0.06773799284258936
-0.0071568042250736525
-0.17034983164359913
0.030823786957998738
-1.017346723712346
-0.25876401314718356
0.44507959902077093
-1.9215664779815536
-0.14688419781103434
0.9618609648327282
0.17279679699821826
-0.07319007372567476
1.1501111865743252
1.149954530111146
-0.04477437730349509
1.1561705169841956
0.4336553877860776
-0.9338316298122843
-0.7498099746864215
-0.00882962160157532
-1.0949631090625775
0.49473036316740293
0.8835339579516801
-0.23132078218604346
-0.09184619258588035
-1.113450750382051
-0.5557673460133021
-1.5391836492639108
-1.3007840254489027
1.2661234808949997
1.4325175593768262
0.3001732886602103
-0.8759170680409939
0.9545755070053905
0.34000448996755084
-1.3344045703546257
1.1051225989437985
2.002081225034601
0.24054535035778402
0.29712872884411035
1.1213645536788721
-0.4257238413815366
-0.2669318431738563
-1.4805513667171095
-0.3900143749459663
-1.7344645926972937
-0.5203562723477554
1.9494175611864404
-0.14982492834207775
-1.0979340474038963
0.9510945625722012
0.9293396173022945
-0.2255192846857546
0.3719992245857606
1.9818125302752185
0.9834498587263917
0.6044130535084079
0.29469891683527794
0.30364321466718464
0.6738348822758461
-1.0928632608059974
-0.6196150429101529
-0.18514657365358234
0.4979236241659014
1.817619659490815
-1.1793486778944424
0.49235177586529444
-0.30575396862715243
-2.328183153870934
0.38638605644291923
-0.5584131986450802
-0.36630919980665255
0.6819531578278446
1.181111104268146
-1.257156744063228
-0.995410875068992
-0.05989841157295048
0.55317882441074
0.47653975834144907
-1.508012672846673
-0.3469231098630922
0.8888847787644324
1.6028096671353618
-1.5912792240622695
-0.4702783854671623
-0.12154886918306365
-0.9241797927700642
-0.6654949038351559
0.6678815976870442
0.7784715187354246
-1.4686619673252028
0.546482590058833
0.591035151450451
-1.8282473284871905
0.027977220353734244
0.667502824891327
1.7509982653211091
-0.31417524479633024
-2.136371340315933
0.5737651843415338
0.3090649018739638
-0.05212524244342495
1.5976504223200774
-0.18514942556203562
0.17737310841651133
-0.013908201384428436
0.2273838182461464
-0.8209666230497357
0.9700658707435532
-1.3827927856042816
-1.9477940900231354
0.47346077894104255
0.9373788078606405
-0.3275267639544372
-1.0230244083980564
1.7975844435597998
0.17633213024747704
1.0119266747120599
0.883354198754754
-1.4460954237021528
-0.5250358253202152
0.8998360688265732
0.20467466306133245
1.0085017744368432
-0.2312784030593913
-0.5929906587920986
-0.7466085362224383
0.9283046304959283
1.0620718515383996
-0.1729425778553258
-0.6642768800630446
-0.7400103520512882
0.4356705047767407
-0.4939347401451555
-0.5490842793583939
0.4847056307618779
-0.4621633747369257
-0.7097805019939571
-1.3462313529630223
0.9266607901830066
1.4673554471084256
-0.020379027232086594
-1.2022584425566982
1.941720546941765
-1.018134045450342
-0.6002849584450954
-0.3408063057187013
-1.5110025866407268
1.113287925651191
-0.20616998836080583
-0.300723861702037
0.24379033935822186
-0.257093083877889
-1.6423479953873334
0.5649792331050604
0.4820198040355773
-0.8715700660869553
0.7605680717721602
0.28530903769627614
-0.011503234413792265
0.4850476612806804
-0.2666244086022029
-0.5216595671643715
0.6891062885030439
-1.094112341415351
0.966062553580909
0.6547667561926882
-0.4847807286586561
1.0295875074441805
1.535447127671894
0.670583655732946
0.39391319190623736
-0.3446556430325423
-0.45803050034880843
-1.5241149677146517
-0.4914872110659704
-0.0027163826282482657
1.7660200449230348
1.6361486440710151
0.5547879872194178
0.811946304337317
0.21401495031868123
-1.5692670388568835
0.5556507671203111
1.8764558906001079
-0.3676731066845908
-0.517848467441414
-1.1883220016269274
-1.0466607423143692
-0.9185799142372905
-1.417650309035872
1.2665926335121447
1.7005412335189165
-1.5322907104293724
-0.509430274013365
-0.37188322541088026
0.2997200021405812
0.7377405509536596
0.29974689118054076
0.7567470323950206
-0.6649545503050722
-0.11696027980395604
0.44000240113418904
0.3085577540799249
0.1203940279045033
-0.2504884402290315
-0.25720510260748514
-0.20136400056831583
0.5082245275968045
-0.7196250372481906
-1.5406144148402772
-1.052333160443276
-1.5690055053490917
-0.5490337060933664
1.5322489728086774
-0.07617679217089891
0.8879508626646817
0.8714150589047512
-1.5148577114307713
-0.009178945920092746
0.12711479967858175
-0.7509505040903445
-0.7310255965337619
1.5814413726804988
-0.375896123523584
-2.38356389064322
0.4425667167600655
-0.1481541977968728
-1.12192124126222
-0.8263182738441057
-0.30516573831177657
1.2377978314227092
-0.13222972757748397
0.40169796113818995
1.3008715321412399
0.18121350316642196
0.47717256002492864
0.42217933516915623
0.5412893906957695
2.0044604518918714
-0.767039036836175
-0.04395159964804933
-0.6514699243112939
-0.46848300322102
0.17529765768313338
-0.24093059887725538
1.1695365810040237
0.19325585767232772
-0.2699155093440594
-0.19290555251853594
-0.5168892744793768
0.47515202011203145
1.0543195280498474
-0.6356393857768471
0.018951842452831068
1.3344176346807726
-1.1539100312315778
0.6539572817095687
0.06767589191663609
-2.2259914521987456
0.0485314306940315
0.4393093504414961
-1.474781655322613
0.20833668393390792
0.481698802913879
-0.573449789214722
0.5912940060617254
-1.6654799961896583
-0.7707032817425401
0.8193939733204904
-0.3207326075639187
-0.2471701024400883
0.7011512891491426
0.7741467127143746
-1.2525978145746024
-0.8641982815285943
-0.6369052030707741
-0.13206647671413174
0.41063988181583555
0.198707469812375
1.3390867669242257
-0.45305743799992076
-0.5372362183519667
-0.21468620586623552
-0.9244356505296522
1.2417571603582231
-0.09252387131218512
1.1778837170870293
0.18170826737361953
0.13986119209987172
0.17309537354107185
-2.754869180763537
0.42983754495424115
-0.21159409397687307
-0.5189564875777049
1.4547361740128504
-0.5028059132842867
-0.2319949355495337
-0.09819887497816002
1.1126136819202155
0.07376047412973762
0.11681509785776903
0.09080244868479856
-0.6640695621565437
1.6500065323414632
0.14090063651072454
1.319806901238839
-0.9465078434608476
0.11809306693835815
2.2695738215078927
-1.4007252517009703
-0.3516017282187771
-0.3845408868517332
-1.6374389405990633
0.24404988314633605
1.2384318267247187
-1.5523836437918088
0.7166476432607831
1.2749488515549388
-0.1960420189426924
0.6502184306197509
-0.08835812339017249
0.25488163324441226
0.4777283052631592
-0.6234474354787402
-0.9164211867726348
-0.7181593189020916
0.4132611797122949
0.2391073294418543
0.8810305849655554
3.0378367972348483
-0.9253394328212523
-0.8464383585464733
-1.9499638027743458
0.1632698283198761
1.6765581488164771
-1.049892191652586
0.016344839307030342
-0.5332557017948638
0.40509824093707175
0.0022680804247797223
-0.21395480639063205
1.1789532831746707
0.7728508777781268
0.348682557444398
-0.3385055345245636
-0.11723603797270016
-1.094837864059863
-1.2534020207052485
-0.2697061216465039
-0.31414682751949724
-0.1815778260611196
0.5019061207710867
0.783022200389517
-0.8070979790139561
-0.37151649877242804
0.3282681362969976
-0.32741147381027397
0.6467751986056082
-0.18193578984840514
1.6461685384661642
0.003756092479475566
-0.44246485337080355
-1.4615835714058696
0.6576237224738624
1.6177213884854988
-0.3287513331301764
-1.5688247524180852
0.050231311168916465
-0.8774158914613078
0.17096465568679767
0.7660355686423413
1.1875937624343733
-0.7243285334562426
0.7830358746648255
-0.6691102889309816
0.8362419643664925
0.5755365820765069
-0.6952444313875987
-0.963148483910443
-1.2697211119343272
0.7079140921836624
0.20224000737838052
0.14536652709797562
-1.4641719308213075
1.5899164693177854
2.4409857978322806
0.06034746794106183
-0.2541784083837071
-0.66345353839301
0.638080001482046
0.057903167452941585
-1.7168994264268052
-1.3835232522919114
0.08602524681571282
-0.12196322063427253
0.9745997269070578
0.808034095041623
-0.026096936601986108
-0.5374724683120755
1.3053450236044308
-2.082709507632369
-1.0177502270324463
1.015254788224065
-0.9766957125678886
-0.11874819896330918
-0.14624680302827947
0.37251522400380294
-0.06538816101424876
-0.477331717255712
1.327499756358812
0.27817960018736915
-1.8615284000783752
-0.4877282218180895
-0.3812911150362298
1.0546051620094423
1.0713894596105251
1.098043205795365
-0.23885275734339226
0.38207667492501074
-0.05250114912045083
-0.8420575513700207
0.19168062281793238
0.6901718473745171
-1.0317270079892542
-0.27062562280208985
-1.7934951413158693
1.4983865483717052
1.9078288468948017
-1.8361249341441679
-0.59387213813548
1.3403592609253303
-0.46062297574042005
-0.6296929076424796
-1.0716346125345524
0.789030899522441
-0.666227425396947
-0.5589411673647532
-0.38599937479516877
1.2431174250844457
1.1665640609726038
-1.3445323130130782
2.3533695933588015
0.7932271532384646
-0.652361953514142
0.12926087841459266
-0.6477512282560063
0.6010954236536467
1.8175416381816143
-1.294044342342804
-0.08092005500749379
0.3991551411790099
-1.0877145618306792
-1.2267285190915824
1.5018887066747868
-0.07198951100727222
-0.23934494945077342
0.7954026473098437
-0.9869838108169187
-0.13284208568342237
-0.5124746279837207
0.21463087774882111
0.22737640703031792
-1.2212628797296274
-1.9449179934174587
-0.2792545360430752
0.5595878850753401
0.1967241456556657
0.8677690192344444
-0.3782750398656087
0.3357542248362866
-0.15682387798386102
0.16109863622178322
0.5238671441891237
-0.0576001273637285
-0.3817944909519511
-0.8720646907990213
1.2270267315193766
0.08459474618810311
0.9108103203899092
0.32306841726837143
-0.5083083945702074
0.25726250493032154
-0.20852579985927358
-0.5501335633040496
-0.1706824923725146
1.488687879230995
-0.1345402726317877
0.46348451224267717
0.20878473171791254
-1.7805488734341863
0.9194462391624801
-0.9701097105695825
-0.6667586800373998
0.5918072486788555
0.09945729061826264
2.0909168505129876
1.0759496118419976
0.34084981492108646
0.12901558893070644
-1.0513673549728895
0.6139482013049624
-0.06219501190106595
-1.8588406066368797
1.643678065156184
0.9352690339672223
-0.1834141453785281
0.2279189220824873
0.6251862047567077
0.9770681382288923
-0.055347816915527676
0.28346435357099536
-0.5798992262663653
-1.1580309290657331
-0.670270003802326
-1.074641588644541
-0.7796034915836945
-0.10542808540410388
1.0322340381616004
0.5402524951940965
0.598431601616716
0.18146079521568328
-0.24126588904374827
1.6399549567147038
-0.20942783940863594
-2.4669767665029005
0.865564654870189
0.5631026621803741
-0.4116367126887889
0.08150641402447655
0.007532228105190668
0.5839818432632291
-0.6098319305171193
-1.0544218573300888
-1.2117909576334225
-0.25224344391614856
0.6254878502458483
-0.7066392277121357
0.6882267580113728
0.2620849762744589
-0.8003990564916774
-1.2184076849657144
0.40743204711016706
0.18498909470283445
0.5062021161390327
-0.9918569466496769
-1.1053223485322277
-0.12059166686656592
0.034346429107886475
0.6321676898894321
-1.0684505340379058
-0.06862654124024847
-0.41389291476945694
-0.6077034119893243
0.13659080017550626
0.49311292407246604
-0.16914154939438525
0.2891982892594959
0.499771076707758
0.4191084469315554
-1.4968771464854245
0.9208897460555556
2.731323170390903
-0.23638746393931823
1.303829158243932
-0.3140804100931178
-1.4372504830408896
-1.7906047506411331
0.5881807715332514
0.19415716734772676
0.8356107253449326
0.42377822767318857
-0.6443877262811065
0.6862126941502907
-1.1914494817854049
0.3761619119882327
-0.3913920682174382
0.2508701485873571
-0.44657437629438235
-1.34469858868147
0.2684304087247954
-0.20427500925010347
-0.3562628642832837
0.2807442258268249
2.148321733034804
-0.46074392543500076
-0.15349253166002527
2.193938755828131
-1.2568151410590982
-1.16273210395664
-0.41759494365808486
-2.081462796154211
0.3751542492698014
0.48335523970556177
-0.3494643459229294
-1.018783366527728
-1.8443730417720627
0.15827013862897488
-0.2284922333242715
-2.6274743008162584
1.2670483338789553
0.1376833301733566
-1.0443556292629752
-0.03893053533792452
-0.3630559204963906
0.1389958861030927
0.3052675182730939
-0.04024284185093867
0.4092663704353084
-0.579755320099674
-1.143053542629488
0.07975571225752147
-0.24397447128523564
-0.15041420921808202
0.2804029975447039
-0.4664835465512292
0.3917661680699436
0.19391777394954185
0.900844873419135
1.9386610597756002
-0.00613858532383434
0.09016674771537665
-0.19748253581061417
-0.8641838001663688
-2.043064167824878
-0.4331596384639234
0.18278704501921658
-0.8655236648110635
0.6680097761319241
2.008115323233873
0.21058208090758426
0.23798428987879436
0.9173965383109677
-0.31114968960681316
-0.5016937582336581
0.6662816661034529
0.00421690587470918
-1.2099925892107504
0.7813480395468362
0.025649807503271563
-0.4012020039966099
-0.07803903686406022
0.7403897125300305
-0.186279266810741
-0.2850309814420345
0.793872767162963
0.3471018860139427
1.2199164855816491
0.41036387390164863
-1.0566462494702433
-0.05017040705307885
-1.2118409717715946
-0.875008569565979
1.0197222945807805
-0.5458392072294319
1.278182619955326
0.7212860725217317
-0.019536665973299363
-0.8103573990388808
-1.1368858612685735
0.13613413317400816
0.06956063904774057
-0.6943841875378425
-0.249254550503658
-0.8832888488937641
0.6907650904563337
0.7948644968488547
-0.24096883870191557
0.2926845426414123
0.634463636711074
-0.1328764494112249
0.5917664245579234
0.47327974534901407
-1.7805134463674568
-0.7170052472615593
0.6248623342944165
-0.3362406879836137
1.6474272528003477
0.9399052626457141
-0.5017310977763095
0.43623983055029203
-0.8007349977069853
0.1236849636094006
0.6516047649195654
-0.5560664335227646
0.2701220831178633
0.5613454694448669
0.7592712404581946
1.144821658971292
0.12816035504056902
-0.47818258488796633
-0.9147850823616313
0.232099270122338
0.2644014899675696
0.21246119748360812
-0.02405626603431224
1.044063328652352
-0.04847682039904383
0.4771365081800988
0.6628778337454527
-0.6016643584824458
0.7210132990051752
0.025849299690622295
-1.0233946642202119
1.0985947586181435
0.4588280856479618
-0.6312128833389595
0.4803290095311536
0.07825844080685534
0.6313392217220466
-0.3940116668313296
0.19577763231633244
-0.6408062959715073
-0.31676652273347455
1.0578065092893565
-0.4451625666642991
-0.1167627811857409
0.19302149862126544
1.0352915117239667
1.126922796138775
0.04958547848527284
1.2808860374103388
0.9986941584967826
2.04089419379272
0.13859089423741439
0.068008311689533
-0.43624219024685384
-0.8681583764466059
-0.7751342801495339
-0.4082112319434793
0.12200117841477465
-0.7055768568868652
-0.46449539885370505
-0.8004462598993944
-0.10877767094783813
1.4289906661619591
-0.6962347057761226
-0.4069494844294369
1.1934484586130394
-0.8396399118698562
-1.129713772337456
0.416315299653524
-1.0328764631126954
-0.1385072807446755
-0.3851381144010741
0.5911121086453999
1.7303726889397988
0.8021775953261261
-0.7220837985335049
1.1970489042703552
-0.7086149921867811
-0.9093707859249223
0.17813749784248478
-0.30542159512524497
-0.9278451157232172
-0.8835312637147675
0.0487076691024706
0.7608089805509917
1.32100800489019
0.9253791259014377
-0.7024407238670206
0.704857563339552
0.3788982136515847
-0.7407505575830351
-0.21197859052478416
-0.8890091801652399
0.4994707219804929
2.007331730636528
1.0943584078169257
-2.078469225963408
0.9925128155320321
-0.3356932035449245
-1.5938993554938405
0.8463732796367001
0.36232729603111136
0.5581121032994727
0.022043365213160776
-0.4949752346202765
1.23899996795147
-0.6465036393235234
-1.7269678279115648
0.5732467787575176
-1.585829140765907
-0.28240765877301593
-1.0403861056903025
-1.4081418087517705
2.0393938163419616
-1.387510021843413
0.7099992157530107
0.6657163432933852
-0.34731562955583273
1.1378441985521086
-0.716935889669121
-0.28402849424340376
-0.2210763240086887
-2.3533883400224296
0.7969117070824216
-0.44589078704908375
-0.9952509115537995
-0.7013709781741457
0.14814608377242436
-0.8181454500930011
-0.49159682277780464
0.191064109173621
0.9406517891261132
-0.06964501611423843
0.3373582512397856
-0.48809101528717524
-0.08516078485544828
-0.9647353946461807
1.001094468631036
-0.7308286373503354
-0.06346805095810833
1.6640558778192678
0.8783889227528654
0.5044241956314321
-0.2804106467584264
-1.468564953337517
-1.9629969118735495
-0.8094120483484701
-0.9634632761279333
-1.0389476215259565
0.9353967162134577
-0.467836737742912
-1.2997666918700108
0.702787405092323
-0.05510943390454886
-1.6712064203684776
0.046552684854310224
1.6742187395765546
-0.2221789840639372
1.4850482791027246
-1.1182061982791835
-1.761877267458779
0.5995509900223401
-0.10569554683145302
0.638650647292944
0.721866230210052
1.238312499679842
1.5423453025162326
0.05408100441352822
-1.3725980955947454
-0.5061333192083494
-1.6743211709522448
1.0146921874368935
1.0600099316683604
-0.3581776675666648
0.4723308473149012
0.8941038424651941
-0.10865295465872826
-0.29090413823254335
-0.42082563061854816
-0.21969007584351832
-0.33826249949800313
0.13854267081483396
-0.6444706419351477
-0.5807577759585447
-0.1875737864524386
-0.891809225881249
0.7431057887717541
-0.3064191003171918
-1.764260521243719
0.10835034631617801
0.20911363244477807
-1.1451886711040336
-0.301326012348949
0.7992011614941754
-1.0475666018550074
-1.051082610563434
-1.5984651489719084
-0.7284736705981958
2.055739257121295
-0.6907189692601654
-0.416057459245778
2.043381837342933
1.4557068522113192
-1.3102080766695152
0.34922576463500515
-0.35638149669157737
-1.5526927134268291
-0.0994893631934603
-0.16218971480431943
0.7470605798128468
1.0876903866650214
1.0490254303258553
1.6603759897963803
-1.1730531237763029
0.26049375947366993
-0.0499711463174445
0.6311446236733975
1.2069807873340614
0.54251809868166
0.618424494147964
0.7637329262156715
0.4127819405622495
0.14534030509155896
1.024357265527232
-0.34604116534353946
-0.736760458828542
-0.6868006805287963
-1.124530750326879
0.05650521136821286
0.07889248487320183
-1.219893035113983
0.6559767476373174
-0.5946866634092974
0.10053179308102114
0.8751365766395868
-0.40785664607524147
1.9588444692466735
0.721361203206276
-0.08151098694812245
0.4830735899443335
0.8361095270913718
-0.8771254551242104
-0.6649017875484778
0.9884973013681183
0.05418140916422247
0.5549981196542063
0.668664265435174
0.36156089001564334
0.9257588846229733
-0.1021121121168504
0.27182333399213615
0.6243267969185505
0.19781196675005255
-0.654149112228834
-0.4358450732048953
1.075084254616786
1.3825966643915684
0.8723016341940849
-0.3887220620389025
1.0689846152929894
-0.9733513366810074
0.5064926934332304
0.8020135185377908
-1.488610700109948
-0.311291916538828
0.36647806092040386
0.30336549096294596
-0.30109790007200177
-0.22351744915358793
-0.13040448659634316
-1.0366642778991795
-1.1628792256775884
0.4291623367656124
1.5042431604489723
0.8870241039306401
0.29454464287655374
0.08985266503926799
0.13404205035561226
-0.881672803770559
1.137440747249788
1.0756934957939126
0.4366191913485996
0.4946262767513317
0.2746120160598353
1.1413864526722943
-0.37874404839751885
-0.15980505747996585
0.14016586655455662
-0.1244551741975589
0.7863755035154051
-0.5300511048969815
-0.00305807828567631
1.1236540992861994
1.9788401398012319
-0.9654311679431651
0.1707565285562585
-0.5416913731421255
0.16206382531314922
1.1835287009358262
-1.089698182873019
0.7808512936043087
0.4530666458568444
-0.12158745306920102
-0.8831143272463211
-2.8254514637873465
-0.09014079015986265
0.7865374495038132
-0.8284202101633488
1.63833843469295
-0.9143576291908808
-0.6310143192609564
0.03979973964806614
-0.3409542819158474
-0.619657660489211
-0.6400728541303925
-0.3538340606818146
-0.3799930451665598
-1.7277882071792028
1.057783918988948
1.0833504010526558
0.19641498207065433
0.6497764335190315
-0.9852598132198982
0.3331629335947606
0.779643170762506
0.08166881661035802
0.4583592468752631
-1.115903416339003
0.01898341704331111
-0.32285879116315697
-0.6648026500554604
-1.7642382919392348
-0.3224783201750752
-0.8570891084912098
-0.9615382808896856
1.1706766079023032
1.0876689653208567
1.0514633058563962
0.4005837160819535
0.7852652236287327
1.2066731305467446
1.4299060085630877
0.6869471670113036
0.06740605506715025
0.48308802766169706
-0.9307330645967922
-0.2828756595244633
-0.17026093253172211
-0.4082439276750192
-1.1348981898710018
-1.0608201679560287
-0.5539721060470019
-0.09263514573085825
-0.7839827251562609
-1.362609998483684
-0.4972805682871107
-0.9507298308852816
-0.5638797308156739
0.45678683859901864
0.6045188965233214
-1.2897475036710582
-0.10168827148090563
0.6897786998446176
0.06805247499026967
1.667772384062327
0.517863073426784
-1.3340991266833377
-0.23063986342493045
-0.19257434658440875
0.5134784510913449
0.6250418873127006
0.47191727535041467
-0.936031761267678
-0.008730382277748867
0.8672353616418963
-0.4318889641088363
-1.34451761003736
0.8689638107255707
-1.2929305085904583
0.34477277366462816
1.1076143256777413
-1.4440116192109764
-0.2826974770571294
1.52031450692047
-3.387816199410087
-2.2138058815520276
-1.3999750895887804
-0.48733267204195807
1.4183599685457882
1.4437132157267283
-0.7231211218283996
0.7611399368688035
0.7352524823878372
-1.9299687604622744
-0.43330366362792744
-0.327006392063298
1.3273987210506923
0.968408690582024
1.9253241440579525
-0.06883334614100658
-0.5814797394690502
1.9489292040590926
-0.18893902858798933
-0.9927078009445781
1.0668979771620652
-0.8162915796106537
-0.5034531019440769
0.18273864068927786
-0.5915794459365121
-1.1465736933210446
0.25649667448851415
1.9041511756847207
0.49865775294032494
-0.26480468946448743
0.7029645211354005
-0.8152883619208634
0.3159784641020562
-0.06072707287362969
-1.6938824320261399
0.7043625415279294
-0.6058275121815326
0.5123473668991879
1.3898806231369925
-0.6713637093303142
0.6436585610156971
1.409876407773558
1.3370071264334618
0.264329751064284
1.6651003050893094
-1.0870508272265893
-0.5035345754314442
2.100495671887611
-0.6390028476551071
-1.7268575197786031
-1.724528110454814
-0.16150502320801363
0.04703415720653467
0.7420441048244085
0.4363459350329222
1.1472934058100943
2.5945465478502237
-2.1898228431578373
-1.5036128762649394
-0.7783158860059545
1.8780814895405946
1.1865674212585173
0.42869194911867803
2.9115190851508093
0.9378147865077097
-0.6191939883386935
-0.4038260470452723
-1.1110602876149611
-1.7963947322485074
-1.0510385136697744
0.5301082805252626
-0.08401923748517764
-0.5452423873374107
0.021568548734626505
-0.06064458430896768
0.7066016403200445
0.41270386435447004
0.24830290989452586
-0.46527705552011994
0.6653560536293183
-0.2830118669067089
-0.08608559703234206
0.35546131638610207
0.15427279191932902
-0.8899588705371383
-1.067675756144831
0.2059728380788914
-0.27647215319765867
-0.8443657747690859
-0.17565033879415287
0.09073249007854031
-0.5716810499825035
-1.028458072041883
1.8085754346513607
2.0966553979328317
0.6709517549746642
1.6332838013629132
1.225554532674631
0.08996597475171553
0.2751102286201105
0.6089533455356096
-1.7964877626458884
-0.2170356712806396
-0.1834861780015788
-1.5688251423773014
-0.05197091847760045
0.05500887206884024
0.6483596286000587
0.1860621819443113
-0.09215507433642568
1.016681950105332
-1.071786064441485
-1.815140460575411
-0.40398256597409954
1.0395168453432089
0.08325057457015825
-0.9338594359397249
2.388243782282983
-0.23597091825806435
0.23700785316837236
0.3495162749982386
-0.5970882757600526
-0.14376894534946372
0.35738284938840453
-0.19279251649795276
-0.7881320708088293
0.0030770274334734346
-0.2692149892109513
-0.7178026502885462
2.483701923861117
0.5535619165525146
1.7120067527542258
-1.753245560561232
-0.8347038549280708
0.5006037680175509
-2.109257977911114
-0.5601801850309163
-0.169523471512612
-0.7869156952608827
-0.840296715988736
-0.09797907280951083
